evaluation,fitness,test_accuracy,uniqueness,time
100,-0.003065824508666992,-0.027224183082580566,1.0,0.60
190,0.0018095970153808594,-0.03795361518859863,1.0,0.86
280,0.0018845796585083008,-0.02948296070098877,1.0,0.36
370,0.0018845796585083008,-0.02948296070098877,1.0,0.57
460,0.010649263858795166,0.0411151647567749,1.0,0.61
550,0.010649263858795166,0.0411151647567749,1.0,0.59
640,0.010649263858795166,0.0411151647567749,1.0,0.53
730,0.08135354518890381,0.0828816294670105,1.0,0.59
820,0.08135354518890381,0.0828816294670105,1.0,0.49
910,0.08135354518890381,0.0828816294670105,1.0,0.52
1000,0.08135354518890381,0.0828816294670105,1.0,0.47
1090,0.08135354518890381,0.0828816294670105,1.0,0.47
1180,0.08135354518890381,0.0828816294670105,1.0,0.39
1270,0.08135354518890381,0.0828816294670105,1.0,0.40
1360,0.08135354518890381,0.0828816294670105,1.0,0.47
1450,0.08135354518890381,0.0828816294670105,1.0,0.62
1540,0.08135354518890381,0.0828816294670105,1.0,0.48
1630,0.08135354518890381,0.0828816294670105,1.0,0.59
1720,0.08135354518890381,0.0828816294670105,1.0,0.54
1810,0.08135354518890381,0.0828816294670105,1.0,0.55
1900,0.08135354518890381,0.0828816294670105,1.0,0.48
1990,0.08135354518890381,0.0828816294670105,1.0,0.40
2080,0.08135354518890381,0.0828816294670105,1.0,0.54
2170,0.08135354518890381,0.0828816294670105,1.0,0.54
2260,0.08135354518890381,0.0828816294670105,1.0,0.41
2350,0.08135354518890381,0.0828816294670105,1.0,0.47
2440,0.08135354518890381,0.0828816294670105,1.0,0.42
2530,0.08135354518890381,0.0828816294670105,1.0,0.48
2620,0.08135354518890381,0.0828816294670105,1.0,0.43
2710,0.08135354518890381,0.0828816294670105,1.0,0.59
2800,0.08135354518890381,0.0828816294670105,1.0,0.59
2890,0.08135354518890381,0.0828816294670105,1.0,0.49
2980,0.08135354518890381,0.0828816294670105,1.0,0.59
3070,0.08135354518890381,0.0828816294670105,1.0,0.54
3160,0.08135354518890381,0.0828816294670105,1.0,0.47
3250,0.08135354518890381,0.0828816294670105,1.0,0.51
3340,0.08135354518890381,0.0828816294670105,1.0,0.53
3430,0.08135354518890381,0.0828816294670105,1.0,0.53
3520,0.08135354518890381,0.0828816294670105,1.0,0.47
3610,0.08135354518890381,0.0828816294670105,1.0,0.45
3700,0.08135354518890381,0.0828816294670105,1.0,0.47
3790,0.08135354518890381,0.0828816294670105,1.0,0.60
3880,0.08135354518890381,0.0828816294670105,1.0,0.46
3970,0.08135354518890381,0.0828816294670105,1.0,0.47
4060,0.08135354518890381,0.0828816294670105,1.0,0.56
4150,0.08135354518890381,0.0828816294670105,1.0,0.59
4240,0.08135354518890381,0.0828816294670105,1.0,0.56
4330,0.08135354518890381,0.0828816294670105,1.0,0.40
4420,0.08135354518890381,0.0828816294670105,1.0,0.38
4510,0.08135354518890381,0.0828816294670105,1.0,0.59
4600,0.08135354518890381,0.0828816294670105,1.0,0.48
4690,0.08135354518890381,0.0828816294670105,1.0,0.50
4780,0.08135354518890381,0.0828816294670105,1.0,0.51
4870,0.08135354518890381,0.0828816294670105,1.0,0.40
4960,0.08135354518890381,0.0828816294670105,1.0,0.43
5050,0.08135354518890381,0.0828816294670105,1.0,0.56
5140,0.08135354518890381,0.0828816294670105,1.0,0.52
5230,0.08135354518890381,0.0828816294670105,1.0,0.49
5320,0.08135354518890381,0.0828816294670105,1.0,0.41
5410,0.08135354518890381,0.0828816294670105,1.0,0.37
5500,0.08135354518890381,0.0828816294670105,1.0,0.46
5590,0.08135354518890381,0.0828816294670105,1.0,0.37
5680,0.08135354518890381,0.0828816294670105,1.0,0.48
5770,0.08135354518890381,0.0828816294670105,1.0,0.56
5860,0.08135354518890381,0.0828816294670105,1.0,0.55
5950,0.08135354518890381,0.0828816294670105,1.0,0.46
6040,0.08844292163848877,-0.007397055625915527,1.0,0.57
6130,0.08844292163848877,-0.007397055625915527,1.0,0.46
6220,0.08844292163848877,-0.007397055625915527,1.0,0.59
6310,0.08844292163848877,-0.007397055625915527,1.0,0.56
6400,0.08844292163848877,-0.007397055625915527,1.0,0.46
6490,0.08844292163848877,-0.007397055625915527,1.0,0.49
6580,0.08844292163848877,-0.007397055625915527,1.0,0.39
6670,0.08844292163848877,-0.007397055625915527,1.0,0.43
6760,0.08844292163848877,-0.007397055625915527,1.0,0.42
6850,0.08844292163848877,-0.007397055625915527,1.0,0.51
6940,0.08844292163848877,-0.007397055625915527,1.0,0.39
7030,0.08844292163848877,-0.007397055625915527,1.0,0.55
7120,0.08844292163848877,-0.007397055625915527,1.0,0.39
7210,0.08844292163848877,-0.007397055625915527,1.0,0.55
7300,0.08844292163848877,-0.007397055625915527,1.0,0.56
7390,0.08844292163848877,-0.007397055625915527,1.0,0.51
7480,0.08844292163848877,-0.007397055625915527,1.0,0.47
7570,0.08844292163848877,-0.007397055625915527,1.0,0.59
7660,0.08844292163848877,-0.007397055625915527,1.0,0.58
7750,0.08844292163848877,-0.007397055625915527,1.0,0.53
7840,0.08844292163848877,-0.007397055625915527,1.0,0.39
7930,0.08844292163848877,-0.007397055625915527,1.0,0.36
8020,0.08844292163848877,-0.007397055625915527,1.0,0.50
8110,0.08844292163848877,-0.007397055625915527,1.0,0.38
8200,0.08844292163848877,-0.007397055625915527,1.0,0.39
8290,0.08844292163848877,-0.007397055625915527,1.0,0.62
8380,0.08844292163848877,-0.007397055625915527,1.0,0.46
8470,0.08844292163848877,-0.007397055625915527,1.0,0.60
8560,0.08844292163848877,-0.007397055625915527,1.0,0.38
8650,0.08844292163848877,-0.007397055625915527,1.0,0.41
8740,0.08844292163848877,-0.007397055625915527,1.0,0.37
8830,0.08844292163848877,-0.007397055625915527,1.0,0.53
8920,0.08844292163848877,-0.007397055625915527,1.0,0.52
9010,0.08844292163848877,-0.007397055625915527,1.0,0.57
9100,0.08844292163848877,-0.007397055625915527,1.0,0.41
9190,0.08844292163848877,-0.007397055625915527,1.0,0.55
9280,0.08844292163848877,-0.007397055625915527,1.0,0.38
9370,0.08844292163848877,-0.007397055625915527,1.0,0.55
9460,0.08844292163848877,-0.007397055625915527,1.0,0.49
9550,0.08844292163848877,-0.007397055625915527,1.0,0.39
9640,0.08844292163848877,-0.007397055625915527,1.0,0.52
9730,0.08844292163848877,-0.007397055625915527,1.0,0.43
9820,0.13984131813049316,0.10636621713638306,1.0,0.43
9910,0.13984131813049316,0.10636621713638306,1.0,0.56
10000,0.13984131813049316,0.10636621713638306,1.0,0.52
10090,0.13984131813049316,0.10636621713638306,1.0,0.45
10180,0.13984131813049316,0.10636621713638306,1.0,0.39
10270,0.13984131813049316,0.10636621713638306,1.0,0.61
10360,0.13984131813049316,0.10636621713638306,1.0,0.52
10450,0.13984131813049316,0.10636621713638306,1.0,0.61
10540,0.13984131813049316,0.10636621713638306,1.0,0.58
10630,0.13984131813049316,0.10636621713638306,1.0,0.51
10720,0.13984131813049316,0.10636621713638306,1.0,0.52
10810,0.13984131813049316,0.10636621713638306,1.0,0.39
10900,0.13984131813049316,0.10636621713638306,1.0,0.50
10990,0.13984131813049316,0.10636621713638306,1.0,0.56
11080,0.22550982236862183,0.05282771587371826,1.0,0.54
11170,0.22550982236862183,0.05282771587371826,1.0,0.46
11260,0.22550982236862183,0.05282771587371826,1.0,0.44
11350,0.22550982236862183,0.05282771587371826,1.0,0.53
11440,0.22550982236862183,0.05282771587371826,1.0,0.60
11530,0.22550982236862183,0.05282771587371826,1.0,0.38
11620,0.22550982236862183,0.05282771587371826,1.0,0.59
11710,0.22550982236862183,0.05282771587371826,1.0,0.46
11800,0.22550982236862183,0.05282771587371826,1.0,0.58
11890,0.22550982236862183,0.05282771587371826,1.0,0.57
11980,0.22550982236862183,0.05282771587371826,1.0,0.42
12070,0.22550982236862183,0.05282771587371826,1.0,0.54
12160,0.22550982236862183,0.05282771587371826,1.0,0.61
12250,0.22550982236862183,0.05282771587371826,1.0,0.43
12340,0.22550982236862183,0.05282771587371826,1.0,0.38
12430,0.22550982236862183,0.05282771587371826,1.0,0.36
12520,0.22550982236862183,0.05282771587371826,1.0,0.36
12610,0.22550982236862183,0.05282771587371826,1.0,0.42
12700,0.22550982236862183,0.05282771587371826,1.0,0.39
12790,0.22550982236862183,0.05282771587371826,1.0,0.41
12880,0.22550982236862183,0.05282771587371826,1.0,0.45
12970,0.22550982236862183,0.05282771587371826,1.0,0.58
13060,0.22550982236862183,0.05282771587371826,1.0,0.58
13150,0.22550982236862183,0.05282771587371826,1.0,0.45
13240,0.22550982236862183,0.05282771587371826,1.0,0.38
13330,0.22550982236862183,0.05282771587371826,1.0,0.55
13420,0.22550982236862183,0.05282771587371826,1.0,0.38
13510,0.22550982236862183,0.05282771587371826,1.0,0.41
13600,0.22550982236862183,0.05282771587371826,1.0,0.57
13690,0.22550982236862183,0.05282771587371826,1.0,0.72
13780,0.22550982236862183,0.05282771587371826,1.0,0.49
13870,0.22550982236862183,0.05282771587371826,1.0,0.39
13960,0.22550982236862183,0.05282771587371826,1.0,0.60
14050,0.22550982236862183,0.05282771587371826,1.0,0.44
14140,0.22550982236862183,0.05282771587371826,1.0,0.43
14230,0.22550982236862183,0.05282771587371826,1.0,0.38
14320,0.22550982236862183,0.05282771587371826,1.0,0.36
14410,0.22550982236862183,0.05282771587371826,1.0,0.56
14500,0.22550982236862183,0.05282771587371826,1.0,0.50
14590,0.22550982236862183,0.05282771587371826,1.0,0.49
14680,0.22550982236862183,0.05282771587371826,1.0,0.44
14770,0.22550982236862183,0.05282771587371826,1.0,0.41
14860,0.22550982236862183,0.05282771587371826,1.0,0.56
14950,0.22550982236862183,0.05282771587371826,1.0,0.48
15040,0.22550982236862183,0.05282771587371826,1.0,0.39
15130,0.22550982236862183,0.05282771587371826,1.0,0.38
15220,0.48362666368484497,0.5374211072921753,1.0,0.56
15310,0.48362666368484497,0.5374211072921753,1.0,0.60
15400,0.48362666368484497,0.5374211072921753,1.0,0.48
15490,0.48362666368484497,0.5374211072921753,1.0,0.47
15580,0.48362666368484497,0.5374211072921753,1.0,0.48
15670,0.48362666368484497,0.5374211072921753,1.0,0.47
15760,0.48362666368484497,0.5374211072921753,1.0,0.48
15850,0.48362666368484497,0.5374211072921753,1.0,0.58
15940,0.48362666368484497,0.5374211072921753,1.0,0.46
16030,0.48362666368484497,0.5374211072921753,1.0,0.43
16120,0.48362666368484497,0.5374211072921753,1.0,0.38
16210,0.48362666368484497,0.5374211072921753,1.0,0.51
16300,0.48362666368484497,0.5374211072921753,1.0,0.40
16390,0.48362666368484497,0.5374211072921753,1.0,0.51
16480,0.48362666368484497,0.5374211072921753,1.0,0.47
16570,0.48362666368484497,0.5374211072921753,1.0,0.56
16660,0.48362666368484497,0.5374211072921753,1.0,0.53
16750,0.48362666368484497,0.5374211072921753,1.0,0.51
16840,0.48362666368484497,0.5374211072921753,1.0,0.58
16930,0.48362666368484497,0.5374211072921753,1.0,0.46
17020,0.48362666368484497,0.5374211072921753,1.0,0.52
17110,0.48362666368484497,0.5374211072921753,1.0,0.35
17200,0.48362666368484497,0.5374211072921753,1.0,0.39
17290,0.48362666368484497,0.5374211072921753,1.0,0.60
17380,0.48362666368484497,0.5374211072921753,1.0,0.59
17470,0.48362666368484497,0.5374211072921753,1.0,0.39
17560,0.48362666368484497,0.5374211072921753,1.0,0.56
17650,0.48362666368484497,0.5374211072921753,1.0,0.45
17740,0.48362666368484497,0.5374211072921753,1.0,0.49
17830,0.48362666368484497,0.5374211072921753,1.0,0.56
17920,0.48362666368484497,0.5374211072921753,1.0,0.47
18010,0.48362666368484497,0.5374211072921753,1.0,0.44
18100,0.48362666368484497,0.5374211072921753,1.0,0.41
18190,0.48362666368484497,0.5374211072921753,1.0,0.60
18280,0.48362666368484497,0.5374211072921753,1.0,0.54
18370,0.48362666368484497,0.5374211072921753,1.0,0.55
18460,0.48362666368484497,0.5374211072921753,1.0,0.47
18550,0.48362666368484497,0.5374211072921753,1.0,0.43
18640,0.48362666368484497,0.5374211072921753,1.0,0.37
18730,0.48362666368484497,0.5374211072921753,1.0,0.44
18820,0.48362666368484497,0.5374211072921753,1.0,0.58
18910,0.48362666368484497,0.5374211072921753,1.0,0.51
19000,0.48362666368484497,0.5374211072921753,1.0,0.45
19090,0.48362666368484497,0.5374211072921753,1.0,0.38
19180,0.48362666368484497,0.5374211072921753,1.0,0.40
19270,0.48362666368484497,0.5374211072921753,1.0,0.47
19360,0.48362666368484497,0.5374211072921753,1.0,0.47
19450,0.48362666368484497,0.5374211072921753,1.0,0.51
19540,0.48362666368484497,0.5374211072921753,1.0,0.45
19630,0.48362666368484497,0.5374211072921753,1.0,0.52
19720,0.48362666368484497,0.5374211072921753,1.0,0.52
19810,0.48362666368484497,0.5374211072921753,1.0,0.49
19900,0.48362666368484497,0.5374211072921753,1.0,0.50
19990,0.48362666368484497,0.5374211072921753,1.0,0.56
20080,0.48362666368484497,0.5374211072921753,1.0,0.43
20170,0.48362666368484497,0.5374211072921753,1.0,0.48
20260,0.48362666368484497,0.5374211072921753,1.0,0.52
20350,0.48362666368484497,0.5374211072921753,1.0,0.52
20440,0.48362666368484497,0.5374211072921753,1.0,0.42
20530,0.48362666368484497,0.5374211072921753,1.0,0.58
20620,0.48362666368484497,0.5374211072921753,1.0,0.62
20710,0.48362666368484497,0.5374211072921753,1.0,0.48
20800,0.48362666368484497,0.5374211072921753,1.0,0.53
20890,0.48362666368484497,0.5374211072921753,1.0,0.48
20980,0.48362666368484497,0.5374211072921753,1.0,0.45
21070,0.48362666368484497,0.5374211072921753,1.0,0.40
21160,0.48362666368484497,0.5374211072921753,1.0,0.61
21250,0.48362666368484497,0.5374211072921753,1.0,0.38
21340,0.48362666368484497,0.5374211072921753,1.0,0.58
21430,0.48362666368484497,0.5374211072921753,1.0,0.35
21520,0.48362666368484497,0.5374211072921753,1.0,0.61
21610,0.48362666368484497,0.5374211072921753,1.0,0.56
21700,0.48362666368484497,0.5374211072921753,1.0,0.58
21790,0.48362666368484497,0.5374211072921753,1.0,0.51
21880,0.48362666368484497,0.5374211072921753,1.0,0.51
21970,0.48362666368484497,0.5374211072921753,1.0,0.60
22060,0.48362666368484497,0.5374211072921753,1.0,0.48
22150,0.48362666368484497,0.5374211072921753,1.0,0.40
22240,0.48362666368484497,0.5374211072921753,1.0,0.57
22330,0.48362666368484497,0.5374211072921753,1.0,0.47
22420,0.48362666368484497,0.5374211072921753,1.0,0.45
22510,0.48362666368484497,0.5374211072921753,1.0,0.56
22600,0.48362666368484497,0.5374211072921753,1.0,0.38
22690,0.48362666368484497,0.5374211072921753,1.0,0.55
22780,0.48362666368484497,0.5374211072921753,1.0,0.44
22870,0.48362666368484497,0.5374211072921753,1.0,0.60
22960,0.48362666368484497,0.5374211072921753,1.0,0.48
23050,0.48362666368484497,0.5374211072921753,1.0,0.58
23140,0.48362666368484497,0.5374211072921753,1.0,0.43
23230,0.48362666368484497,0.5374211072921753,1.0,0.38
23320,0.48362666368484497,0.5374211072921753,1.0,0.47
23410,0.48362666368484497,0.5374211072921753,1.0,0.59
23500,0.48362666368484497,0.5374211072921753,1.0,0.61
23590,0.48362666368484497,0.5374211072921753,1.0,0.42
23680,0.48362666368484497,0.5374211072921753,1.0,0.53
23770,0.48362666368484497,0.5374211072921753,1.0,0.49
23860,0.48362666368484497,0.5374211072921753,1.0,0.50
23950,0.48362666368484497,0.5374211072921753,1.0,0.41
24040,0.48362666368484497,0.5374211072921753,1.0,0.45
24130,0.48362666368484497,0.5374211072921753,1.0,0.50
24220,0.48362666368484497,0.5374211072921753,1.0,0.38
24310,0.48362666368484497,0.5374211072921753,1.0,0.56
24400,0.48362666368484497,0.5374211072921753,1.0,0.50
24490,0.48362666368484497,0.5374211072921753,1.0,0.61
24580,0.48362666368484497,0.5374211072921753,1.0,0.55
24670,0.48362666368484497,0.5374211072921753,1.0,0.58
24760,0.48362666368484497,0.5374211072921753,1.0,0.59
24850,0.48362666368484497,0.5374211072921753,1.0,0.48
24940,0.48362666368484497,0.5374211072921753,1.0,0.37
25030,0.48362666368484497,0.5374211072921753,1.0,0.46
25120,0.48362666368484497,0.5374211072921753,1.0,0.50
25210,0.48362666368484497,0.5374211072921753,1.0,0.54
25300,0.48362666368484497,0.5374211072921753,1.0,0.58
25390,0.48362666368484497,0.5374211072921753,1.0,0.47
25480,0.48362666368484497,0.5374211072921753,1.0,0.43
25570,0.48362666368484497,0.5374211072921753,1.0,0.54
25660,0.48362666368484497,0.5374211072921753,1.0,0.45
25750,0.48362666368484497,0.5374211072921753,1.0,0.54
25840,0.48362666368484497,0.5374211072921753,1.0,0.48
25930,0.48362666368484497,0.5374211072921753,1.0,0.38
26020,0.48362666368484497,0.5374211072921753,1.0,0.56
26110,0.48362666368484497,0.5374211072921753,1.0,0.51
26200,0.48362666368484497,0.5374211072921753,1.0,0.51
26290,0.48362666368484497,0.5374211072921753,1.0,0.49
26380,0.48362666368484497,0.5374211072921753,1.0,0.40
26470,0.48362666368484497,0.5374211072921753,1.0,0.42
26560,0.48362666368484497,0.5374211072921753,1.0,0.40
26650,0.48362666368484497,0.5374211072921753,1.0,0.51
26740,0.48362666368484497,0.5374211072921753,1.0,0.38
26830,0.48362666368484497,0.5374211072921753,1.0,0.52
26920,0.48362666368484497,0.5374211072921753,1.0,0.55
27010,0.48362666368484497,0.5374211072921753,1.0,0.44
27100,0.48362666368484497,0.5374211072921753,1.0,0.51
27190,0.48362666368484497,0.5374211072921753,1.0,0.57
27280,0.48362666368484497,0.5374211072921753,1.0,0.58
27370,0.48362666368484497,0.5374211072921753,1.0,0.37
27460,0.48362666368484497,0.5374211072921753,1.0,0.45
27550,0.48362666368484497,0.5374211072921753,1.0,0.54
27640,0.48362666368484497,0.5374211072921753,1.0,0.42
27730,0.48362666368484497,0.5374211072921753,1.0,0.49
27820,0.48362666368484497,0.5374211072921753,1.0,0.61
27910,0.48362666368484497,0.5374211072921753,1.0,0.41
28000,0.48362666368484497,0.5374211072921753,1.0,0.43
28090,0.48362666368484497,0.5374211072921753,1.0,0.58
28180,0.48362666368484497,0.5374211072921753,1.0,0.48
28270,0.48362666368484497,0.5374211072921753,1.0,0.49
28360,0.48362666368484497,0.5374211072921753,1.0,0.60
28450,0.48362666368484497,0.5374211072921753,1.0,0.54
28540,0.48362666368484497,0.5374211072921753,1.0,0.45
28630,0.48362666368484497,0.5374211072921753,1.0,0.46
28720,0.48362666368484497,0.5374211072921753,1.0,0.39
28810,0.48362666368484497,0.5374211072921753,1.0,0.40
28900,0.48362666368484497,0.5374211072921753,1.0,0.43
28990,0.48362666368484497,0.5374211072921753,1.0,0.60
29080,0.48362666368484497,0.5374211072921753,1.0,0.46
29170,0.48362666368484497,0.5374211072921753,1.0,0.48
29260,0.48362666368484497,0.5374211072921753,1.0,0.41
29350,0.48362666368484497,0.5374211072921753,1.0,0.53
29440,0.48362666368484497,0.5374211072921753,1.0,0.49
29530,0.6230776309967041,0.6850403547286987,1.0,0.50
29620,0.6230776309967041,0.6850403547286987,1.0,0.61
29710,0.6230776309967041,0.6850403547286987,1.0,0.54
29800,0.6230776309967041,0.6850403547286987,1.0,0.44
29890,0.6230776309967041,0.6850403547286987,1.0,0.45
29980,0.6230776309967041,0.6850403547286987,1.0,0.54
30070,0.6230776309967041,0.6850403547286987,1.0,0.54
30160,0.6230776309967041,0.6850403547286987,1.0,0.57
30250,0.6230776309967041,0.6850403547286987,1.0,0.43
30340,0.6230776309967041,0.6850403547286987,1.0,0.49
30430,0.6230776309967041,0.6850403547286987,1.0,0.47
30520,0.6230776309967041,0.6850403547286987,1.0,0.53
30610,0.6230776309967041,0.6850403547286987,1.0,0.43
30700,0.6230776309967041,0.6850403547286987,1.0,0.55
30790,0.6230776309967041,0.6850403547286987,1.0,0.42
30880,0.6230776309967041,0.6850403547286987,1.0,0.49
30970,0.6230776309967041,0.6850403547286987,1.0,0.37
31060,0.6230776309967041,0.6850403547286987,1.0,0.39
31150,0.6230776309967041,0.6850403547286987,1.0,0.38
31240,0.6230776309967041,0.6850403547286987,1.0,0.54
31330,0.6230776309967041,0.6850403547286987,1.0,0.41
31420,0.6230776309967041,0.6850403547286987,1.0,0.48
31510,0.6230776309967041,0.6850403547286987,1.0,0.47
31600,0.6230776309967041,0.6850403547286987,1.0,0.38
31690,0.6230776309967041,0.6850403547286987,1.0,0.57
31780,0.6230776309967041,0.6850403547286987,1.0,0.41
31870,0.6230776309967041,0.6850403547286987,1.0,0.45
31960,0.6230776309967041,0.6850403547286987,1.0,0.46
32050,0.6230776309967041,0.6850403547286987,1.0,0.43
32140,0.6230776309967041,0.6850403547286987,1.0,0.58
32230,0.6230776309967041,0.6850403547286987,1.0,0.53
32320,0.6230776309967041,0.6850403547286987,1.0,0.37
32410,0.6230776309967041,0.6850403547286987,1.0,0.38
32500,0.6230776309967041,0.6850403547286987,1.0,0.53
32590,0.6230776309967041,0.6850403547286987,1.0,0.53
32680,0.6230776309967041,0.6850403547286987,1.0,0.53
32770,0.6230776309967041,0.6850403547286987,1.0,0.51
32860,0.6230776309967041,0.6850403547286987,1.0,0.47
32950,0.6230776309967041,0.6850403547286987,1.0,0.47
33040,0.6230776309967041,0.6850403547286987,1.0,0.39
33130,0.6230776309967041,0.6850403547286987,1.0,0.60
33220,0.6230776309967041,0.6850403547286987,1.0,0.50
33310,0.6230776309967041,0.6850403547286987,1.0,0.47
33400,0.6230776309967041,0.6850403547286987,1.0,0.47
33490,0.6230776309967041,0.6850403547286987,1.0,0.39
33580,0.6230776309967041,0.6850403547286987,1.0,0.51
33670,0.6230776309967041,0.6850403547286987,1.0,0.51
33760,0.6230776309967041,0.6850403547286987,1.0,0.46
33850,0.6230776309967041,0.6850403547286987,1.0,0.41
33940,0.6230776309967041,0.6850403547286987,1.0,0.41
34030,0.6230776309967041,0.6850403547286987,1.0,0.60
34120,0.6230776309967041,0.6850403547286987,1.0,0.48
34210,0.6230776309967041,0.6850403547286987,1.0,0.57
34300,0.6230776309967041,0.6850403547286987,1.0,0.53
34390,0.6230776309967041,0.6850403547286987,1.0,0.42
34480,0.6230776309967041,0.6850403547286987,1.0,0.44
34570,0.6230776309967041,0.6850403547286987,1.0,0.49
34660,0.6230776309967041,0.6850403547286987,1.0,0.57
34750,0.6230776309967041,0.6850403547286987,1.0,0.50
34840,0.6230776309967041,0.6850403547286987,1.0,0.58
34930,0.6230776309967041,0.6850403547286987,1.0,0.53
35020,0.6230776309967041,0.6850403547286987,1.0,0.52
35110,0.6230776309967041,0.6850403547286987,1.0,0.54
35200,0.6230776309967041,0.6850403547286987,1.0,0.47
35290,0.6230776309967041,0.6850403547286987,1.0,0.56
35380,0.6230776309967041,0.6850403547286987,1.0,0.37
35470,0.6230776309967041,0.6850403547286987,1.0,0.47
35560,0.6230776309967041,0.6850403547286987,1.0,0.40
35650,0.6230776309967041,0.6850403547286987,1.0,0.48
35740,0.6230776309967041,0.6850403547286987,1.0,0.47
35830,0.6230776309967041,0.6850403547286987,1.0,0.41
35920,0.6230776309967041,0.6850403547286987,1.0,0.61
36010,0.6230776309967041,0.6850403547286987,1.0,0.45
36100,0.6230776309967041,0.6850403547286987,1.0,0.36
36190,0.6230776309967041,0.6850403547286987,1.0,0.60
36280,0.6230776309967041,0.6850403547286987,1.0,0.60
36370,0.6230776309967041,0.6850403547286987,1.0,0.48
36460,0.6230776309967041,0.6850403547286987,1.0,0.55
36550,0.6230776309967041,0.6850403547286987,1.0,0.56
36640,0.6230776309967041,0.6850403547286987,1.0,0.37
36730,0.6230776309967041,0.6850403547286987,1.0,0.51
36820,0.6230776309967041,0.6850403547286987,1.0,0.59
36910,0.6230776309967041,0.6850403547286987,1.0,0.54
37000,0.6230776309967041,0.6850403547286987,1.0,0.39
37090,0.6230776309967041,0.6850403547286987,1.0,0.42
37180,0.6230776309967041,0.6850403547286987,1.0,0.53
37270,0.6230776309967041,0.6850403547286987,1.0,0.60
37360,0.6230776309967041,0.6850403547286987,1.0,0.54
37450,0.6230776309967041,0.6850403547286987,1.0,0.54
37540,0.6230776309967041,0.6850403547286987,1.0,0.45
37630,0.6230776309967041,0.6850403547286987,1.0,0.42
37720,0.6230776309967041,0.6850403547286987,1.0,0.42
37810,0.6230776309967041,0.6850403547286987,1.0,0.55
37900,0.6230776309967041,0.6850403547286987,1.0,0.47
37990,0.6230776309967041,0.6850403547286987,1.0,0.40
38080,0.6230776309967041,0.6850403547286987,1.0,0.41
38170,0.6230776309967041,0.6850403547286987,1.0,0.48
38260,0.6230776309967041,0.6850403547286987,1.0,0.58
38350,0.6230776309967041,0.6850403547286987,1.0,0.56
38440,0.6230776309967041,0.6850403547286987,1.0,0.45
38530,0.6230776309967041,0.6850403547286987,1.0,0.43
38620,0.6230776309967041,0.6850403547286987,1.0,0.54
38710,0.6230776309967041,0.6850403547286987,1.0,0.40
38800,0.6230776309967041,0.6850403547286987,1.0,0.59
38890,0.6230776309967041,0.6850403547286987,1.0,0.48
38980,0.6230776309967041,0.6850403547286987,1.0,0.58
39070,0.6230776309967041,0.6850403547286987,1.0,0.56
39160,0.6230776309967041,0.6850403547286987,1.0,0.40
39250,0.6230776309967041,0.6850403547286987,1.0,0.44
39340,0.6230776309967041,0.6850403547286987,1.0,0.47
39430,0.6230776309967041,0.6850403547286987,1.0,0.48
39520,0.6230776309967041,0.6850403547286987,1.0,0.60
39610,0.6230776309967041,0.6850403547286987,1.0,0.39
39700,0.6230776309967041,0.6850403547286987,1.0,0.46
39790,0.6230776309967041,0.6850403547286987,1.0,0.60
39880,0.6230776309967041,0.6850403547286987,1.0,0.48
39970,0.6230776309967041,0.6850403547286987,1.0,0.49
40060,0.6230776309967041,0.6850403547286987,1.0,0.49
40150,0.6230776309967041,0.6850403547286987,1.0,0.45
40240,0.6230776309967041,0.6850403547286987,1.0,0.40
40330,0.6230776309967041,0.6850403547286987,1.0,0.50
40420,0.6230776309967041,0.6850403547286987,1.0,0.44
40510,0.6230776309967041,0.6850403547286987,1.0,0.47
40600,0.6230776309967041,0.6850403547286987,1.0,0.50
40690,0.6230776309967041,0.6850403547286987,1.0,0.62
40780,0.6230776309967041,0.6850403547286987,1.0,0.53
40870,0.6230776309967041,0.6850403547286987,1.0,0.50
40960,0.6230776309967041,0.6850403547286987,1.0,0.40
41050,0.6230776309967041,0.6850403547286987,1.0,0.54
41140,0.6230776309967041,0.6850403547286987,1.0,0.52
41230,0.6230776309967041,0.6850403547286987,1.0,0.54
41320,0.6230776309967041,0.6850403547286987,1.0,0.45
41410,0.6230776309967041,0.6850403547286987,1.0,0.38
41500,0.6230776309967041,0.6850403547286987,1.0,0.41
41590,0.6230776309967041,0.6850403547286987,1.0,0.45
41680,0.6230776309967041,0.6850403547286987,1.0,0.57
41770,0.6230776309967041,0.6850403547286987,1.0,0.45
41860,0.6230776309967041,0.6850403547286987,1.0,0.60
41950,0.6230776309967041,0.6850403547286987,1.0,0.49
42040,0.6230776309967041,0.6850403547286987,1.0,0.52
42130,0.6230776309967041,0.6850403547286987,1.0,0.61
42220,0.6230776309967041,0.6850403547286987,1.0,0.37
42310,0.6230776309967041,0.6850403547286987,1.0,0.55
42400,0.6230776309967041,0.6850403547286987,1.0,0.37
42490,0.6230776309967041,0.6850403547286987,1.0,0.62
42580,0.6230776309967041,0.6850403547286987,1.0,0.52
42670,0.6230776309967041,0.6850403547286987,1.0,0.52
42760,0.6230776309967041,0.6850403547286987,1.0,0.56
42850,0.6230776309967041,0.6850403547286987,1.0,0.55
42940,0.6230776309967041,0.6850403547286987,1.0,0.60
43030,0.6230776309967041,0.6850403547286987,1.0,0.57
43120,0.6230776309967041,0.6850403547286987,1.0,0.51
43210,0.6230776309967041,0.6850403547286987,1.0,0.50
43300,0.6230776309967041,0.6850403547286987,1.0,0.59
43390,0.6230776309967041,0.6850403547286987,1.0,0.58
43480,0.6230776309967041,0.6850403547286987,1.0,0.40
43570,0.6230776309967041,0.6850403547286987,1.0,0.41
43660,0.6230776309967041,0.6850403547286987,1.0,0.43
43750,0.6230776309967041,0.6850403547286987,1.0,0.44
43840,0.6230776309967041,0.6850403547286987,1.0,0.47
43930,0.6230776309967041,0.6850403547286987,1.0,0.54
44020,0.6230776309967041,0.6850403547286987,1.0,0.61
44110,0.6230776309967041,0.6850403547286987,1.0,0.54
44200,0.6230776309967041,0.6850403547286987,1.0,0.62
44290,0.6230776309967041,0.6850403547286987,1.0,0.41
44380,0.6230776309967041,0.6850403547286987,1.0,0.54
44470,0.6230776309967041,0.6850403547286987,1.0,0.56
44560,0.6230776309967041,0.6850403547286987,1.0,0.61
44650,0.6230776309967041,0.6850403547286987,1.0,0.52
44740,0.6230776309967041,0.6850403547286987,1.0,0.44
44830,0.6230776309967041,0.6850403547286987,1.0,0.53
44920,0.6230776309967041,0.6850403547286987,1.0,0.39
45010,0.6230776309967041,0.6850403547286987,1.0,0.44
45100,0.6230776309967041,0.6850403547286987,1.0,0.37
45190,0.6230776309967041,0.6850403547286987,1.0,0.59
45280,0.6230776309967041,0.6850403547286987,1.0,0.40
45370,0.6230776309967041,0.6850403547286987,1.0,0.52
45460,0.6230776309967041,0.6850403547286987,1.0,0.50
45550,0.6230776309967041,0.6850403547286987,1.0,0.50
45640,0.6230776309967041,0.6850403547286987,1.0,0.55
45730,0.6230776309967041,0.6850403547286987,1.0,0.57
45820,0.6230776309967041,0.6850403547286987,1.0,0.48
45910,0.6230776309967041,0.6850403547286987,1.0,0.46
46000,0.6230776309967041,0.6850403547286987,1.0,0.49
46090,0.6230776309967041,0.6850403547286987,1.0,0.49
46180,0.6230776309967041,0.6850403547286987,1.0,0.49
46270,0.6230776309967041,0.6850403547286987,1.0,0.61
46360,0.6230776309967041,0.6850403547286987,1.0,0.38
46450,0.6230776309967041,0.6850403547286987,1.0,0.49
46540,0.6230776309967041,0.6850403547286987,1.0,0.47
46630,0.6230776309967041,0.6850403547286987,1.0,0.61
46720,0.6230776309967041,0.6850403547286987,1.0,0.49
46810,0.6230776309967041,0.6850403547286987,1.0,0.64
46900,0.6230776309967041,0.6850403547286987,1.0,0.61
46990,0.6230776309967041,0.6850403547286987,1.0,0.61
47080,0.6230776309967041,0.6850403547286987,1.0,0.39
47170,0.6230776309967041,0.6850403547286987,1.0,0.46
47260,0.6230776309967041,0.6850403547286987,1.0,0.52
47350,0.6230776309967041,0.6850403547286987,1.0,0.47
47440,0.6230776309967041,0.6850403547286987,1.0,0.54
47530,0.6230776309967041,0.6850403547286987,1.0,0.51
47620,0.6230776309967041,0.6850403547286987,1.0,0.55
47710,0.6230776309967041,0.6850403547286987,1.0,0.48
47800,0.6230776309967041,0.6850403547286987,1.0,0.49
47890,0.6230776309967041,0.6850403547286987,1.0,0.51
47980,0.6230776309967041,0.6850403547286987,1.0,0.60
48070,0.6230776309967041,0.6850403547286987,1.0,0.38
48160,0.6230776309967041,0.6850403547286987,1.0,0.50
48250,0.6230776309967041,0.6850403547286987,1.0,0.53
48340,0.6230776309967041,0.6850403547286987,1.0,0.64
48430,0.6230776309967041,0.6850403547286987,1.0,0.63
48520,0.6230776309967041,0.6850403547286987,1.0,0.51
48610,0.6230776309967041,0.6850403547286987,1.0,0.58
48700,0.6230776309967041,0.6850403547286987,1.0,0.42
48790,0.6230776309967041,0.6850403547286987,1.0,0.50
48880,0.6230776309967041,0.6850403547286987,1.0,0.50
48970,0.6230776309967041,0.6850403547286987,1.0,0.45
49060,0.6230776309967041,0.6850403547286987,1.0,0.40
49150,0.6230776309967041,0.6850403547286987,1.0,0.37
49240,0.6230776309967041,0.6850403547286987,1.0,0.60
49330,0.6230776309967041,0.6850403547286987,1.0,0.38
49420,0.6230776309967041,0.6850403547286987,1.0,0.54
49510,0.6230776309967041,0.6850403547286987,1.0,0.59
49600,0.6230776309967041,0.6850403547286987,1.0,0.58
49690,0.6230776309967041,0.6850403547286987,1.0,0.50
49780,0.6230776309967041,0.6850403547286987,1.0,0.42
49870,0.6230776309967041,0.6850403547286987,1.0,0.41
49960,0.6230776309967041,0.6850403547286987,1.0,0.41
50050,0.6230776309967041,0.6850403547286987,1.0,0.53
50140,0.6230776309967041,0.6850403547286987,1.0,0.61
50230,0.6230776309967041,0.6850403547286987,1.0,0.51
50320,0.6230776309967041,0.6850403547286987,1.0,0.53
50410,0.6230776309967041,0.6850403547286987,1.0,0.62
50500,0.6230776309967041,0.6850403547286987,1.0,0.58
50590,0.6230776309967041,0.6850403547286987,1.0,0.49
50680,0.6230776309967041,0.6850403547286987,1.0,0.38
50770,0.6230776309967041,0.6850403547286987,1.0,0.57
50860,0.6230776309967041,0.6850403547286987,1.0,0.44
50950,0.6230776309967041,0.6850403547286987,1.0,0.44
51040,0.6230776309967041,0.6850403547286987,1.0,0.59
51130,0.6230776309967041,0.6850403547286987,1.0,0.61
51220,0.6230776309967041,0.6850403547286987,1.0,0.48
51310,0.6230776309967041,0.6850403547286987,1.0,0.60
51400,0.6230776309967041,0.6850403547286987,1.0,0.48
51490,0.6230776309967041,0.6850403547286987,1.0,0.52
51580,0.6230776309967041,0.6850403547286987,1.0,0.47
51670,0.6230776309967041,0.6850403547286987,1.0,0.44
51760,0.6230776309967041,0.6850403547286987,1.0,0.50
51850,0.6230776309967041,0.6850403547286987,1.0,0.43
51940,0.6230776309967041,0.6850403547286987,1.0,0.41
52030,0.6230776309967041,0.6850403547286987,1.0,0.44
52120,0.6230776309967041,0.6850403547286987,1.0,0.59
52210,0.6230776309967041,0.6850403547286987,1.0,0.49
52300,0.6230776309967041,0.6850403547286987,1.0,0.45
52390,0.6230776309967041,0.6850403547286987,1.0,0.46
52480,0.6230776309967041,0.6850403547286987,1.0,0.41
52570,0.6230776309967041,0.6850403547286987,1.0,0.59
52660,0.6230776309967041,0.6850403547286987,1.0,0.56
52750,0.6230776309967041,0.6850403547286987,1.0,0.51
52840,0.6230776309967041,0.6850403547286987,1.0,0.50
52930,0.6230776309967041,0.6850403547286987,1.0,0.50
53020,0.6230776309967041,0.6850403547286987,1.0,0.53
53110,0.6230776309967041,0.6850403547286987,1.0,0.47
53200,0.6230776309967041,0.6850403547286987,1.0,0.50
53290,0.6230776309967041,0.6850403547286987,1.0,0.52
53380,0.6230776309967041,0.6850403547286987,1.0,0.58
53470,0.6230776309967041,0.6850403547286987,1.0,0.39
53560,0.6230776309967041,0.6850403547286987,1.0,0.42
53650,0.6230776309967041,0.6850403547286987,1.0,0.47
53740,0.6230776309967041,0.6850403547286987,1.0,0.38
53830,0.6230776309967041,0.6850403547286987,1.0,0.39
53920,0.6230776309967041,0.6850403547286987,1.0,0.56
54010,0.6230776309967041,0.6850403547286987,1.0,0.60
54100,0.6230776309967041,0.6850403547286987,1.0,0.57
54190,0.6230776309967041,0.6850403547286987,1.0,0.57
54280,0.6230776309967041,0.6850403547286987,1.0,0.54
54370,0.6230776309967041,0.6850403547286987,1.0,0.61
54460,0.6230776309967041,0.6850403547286987,1.0,0.46
54550,0.6230776309967041,0.6850403547286987,1.0,0.40
54640,0.6230776309967041,0.6850403547286987,1.0,0.49
54730,0.6230776309967041,0.6850403547286987,1.0,0.39
54820,0.6230776309967041,0.6850403547286987,1.0,0.38
54910,0.6230776309967041,0.6850403547286987,1.0,0.45
55000,0.6230776309967041,0.6850403547286987,1.0,0.43
55090,0.6230776309967041,0.6850403547286987,1.0,0.47
55180,0.6230776309967041,0.6850403547286987,1.0,0.55
55270,0.6230776309967041,0.6850403547286987,1.0,0.46
55360,0.6230776309967041,0.6850403547286987,1.0,0.46
55450,0.6230776309967041,0.6850403547286987,1.0,0.42
55540,0.6230776309967041,0.6850403547286987,1.0,0.42
55630,0.6230776309967041,0.6850403547286987,1.0,0.50
55720,0.6230776309967041,0.6850403547286987,1.0,0.53
55810,0.6230776309967041,0.6850403547286987,1.0,0.36
55900,0.6230776309967041,0.6850403547286987,1.0,0.55
55990,0.6230776309967041,0.6850403547286987,1.0,0.57
56080,0.6230776309967041,0.6850403547286987,1.0,0.45
56170,0.6230776309967041,0.6850403547286987,1.0,0.57
56260,0.6230776309967041,0.6850403547286987,1.0,0.61
56350,0.6230776309967041,0.6850403547286987,1.0,0.43
56440,0.6230776309967041,0.6850403547286987,1.0,0.54
56530,0.6230776309967041,0.6850403547286987,1.0,0.49
56620,0.6230776309967041,0.6850403547286987,1.0,0.48
56710,0.6230776309967041,0.6850403547286987,1.0,0.47
56800,0.6230776309967041,0.6850403547286987,1.0,0.51
56890,0.6230776309967041,0.6850403547286987,1.0,0.40
56980,0.6230776309967041,0.6850403547286987,1.0,0.51
57070,0.6230776309967041,0.6850403547286987,1.0,0.54
57160,0.6230776309967041,0.6850403547286987,1.0,0.58
57250,0.6230776309967041,0.6850403547286987,1.0,0.54
57340,0.6230776309967041,0.6850403547286987,1.0,0.37
57430,0.6230776309967041,0.6850403547286987,1.0,0.50
57520,0.6230776309967041,0.6850403547286987,1.0,0.54
57610,0.6230776309967041,0.6850403547286987,1.0,0.52
57700,0.6230776309967041,0.6850403547286987,1.0,0.47
57790,0.6230776309967041,0.6850403547286987,1.0,0.48
57880,0.6230776309967041,0.6850403547286987,1.0,0.51
57970,0.6230776309967041,0.6850403547286987,1.0,0.57
58060,0.6230776309967041,0.6850403547286987,1.0,0.44
58150,0.6230776309967041,0.6850403547286987,1.0,0.37
58240,0.6230776309967041,0.6850403547286987,1.0,0.48
58330,0.6230776309967041,0.6850403547286987,1.0,0.46
58420,0.6230776309967041,0.6850403547286987,1.0,0.56
58510,0.6230776309967041,0.6850403547286987,1.0,0.50
58600,0.6230776309967041,0.6850403547286987,1.0,0.39
58690,0.6230776309967041,0.6850403547286987,1.0,0.64
58780,0.6230776309967041,0.6850403547286987,1.0,0.51
58870,0.6230776309967041,0.6850403547286987,1.0,0.45
58960,0.6230776309967041,0.6850403547286987,1.0,0.57
59050,0.6230776309967041,0.6850403547286987,1.0,0.54
59140,0.6230776309967041,0.6850403547286987,1.0,0.52
59230,0.6230776309967041,0.6850403547286987,1.0,0.62
59320,0.6230776309967041,0.6850403547286987,1.0,0.53
59410,0.6230776309967041,0.6850403547286987,1.0,0.50
59500,0.6230776309967041,0.6850403547286987,1.0,0.53
59590,0.6230776309967041,0.6850403547286987,1.0,0.52
59680,0.6230776309967041,0.6850403547286987,1.0,0.54
59770,0.6230776309967041,0.6850403547286987,1.0,0.47
59860,0.6230776309967041,0.6850403547286987,1.0,0.44
59950,0.6230776309967041,0.6850403547286987,1.0,0.50
60040,0.6230776309967041,0.6850403547286987,1.0,0.45
60130,0.6230776309967041,0.6850403547286987,1.0,0.48
60220,0.6230776309967041,0.6850403547286987,1.0,0.59
60310,0.6230776309967041,0.6850403547286987,1.0,0.38
60400,0.6230776309967041,0.6850403547286987,1.0,0.48
60490,0.6230776309967041,0.6850403547286987,1.0,0.46
60580,0.6230776309967041,0.6850403547286987,1.0,0.57
60670,0.6230776309967041,0.6850403547286987,1.0,0.56
60760,0.6230776309967041,0.6850403547286987,1.0,0.55
60850,0.6230776309967041,0.6850403547286987,1.0,0.58
60940,0.6230776309967041,0.6850403547286987,1.0,0.63
61030,0.6230776309967041,0.6850403547286987,1.0,0.55
61120,0.6230776309967041,0.6850403547286987,1.0,0.40
61210,0.6230776309967041,0.6850403547286987,1.0,0.46
61300,0.6230776309967041,0.6850403547286987,1.0,0.46
61390,0.6230776309967041,0.6850403547286987,1.0,0.55
61480,0.6230776309967041,0.6850403547286987,1.0,0.47
61570,0.6230776309967041,0.6850403547286987,1.0,0.47
61660,0.6230776309967041,0.6850403547286987,1.0,0.44
61750,0.6230776309967041,0.6850403547286987,1.0,0.38
61840,0.6230776309967041,0.6850403547286987,1.0,0.49
61930,0.6230776309967041,0.6850403547286987,1.0,0.46
62020,0.6230776309967041,0.6850403547286987,1.0,0.51
62110,0.6230776309967041,0.6850403547286987,1.0,0.44
62200,0.6230776309967041,0.6850403547286987,1.0,0.49
62290,0.6230776309967041,0.6850403547286987,1.0,0.54
62380,0.6230776309967041,0.6850403547286987,1.0,0.59
62470,0.6230776309967041,0.6850403547286987,1.0,0.51
62560,0.6230776309967041,0.6850403547286987,1.0,0.36
62650,0.6230776309967041,0.6850403547286987,1.0,0.41
62740,0.6230776309967041,0.6850403547286987,1.0,0.60
62830,0.6230776309967041,0.6850403547286987,1.0,0.44
62920,0.6230776309967041,0.6850403547286987,1.0,0.38
63010,0.6230776309967041,0.6850403547286987,1.0,0.49
63100,0.6230776309967041,0.6850403547286987,1.0,0.44
63190,0.6230776309967041,0.6850403547286987,1.0,0.50
63280,0.6230776309967041,0.6850403547286987,1.0,0.41
63370,0.6230776309967041,0.6850403547286987,1.0,0.51
63460,0.6230776309967041,0.6850403547286987,1.0,0.46
63550,0.6230776309967041,0.6850403547286987,1.0,0.60
63640,0.6230776309967041,0.6850403547286987,1.0,0.44
63730,0.6230776309967041,0.6850403547286987,1.0,0.41
63820,0.6230776309967041,0.6850403547286987,1.0,0.46
63910,0.6230776309967041,0.6850403547286987,1.0,0.39
64000,0.6230776309967041,0.6850403547286987,1.0,0.50
64090,0.6230776309967041,0.6850403547286987,1.0,0.40
64180,0.6230776309967041,0.6850403547286987,1.0,0.52
64270,0.6230776309967041,0.6850403547286987,1.0,0.52
64360,0.6230776309967041,0.6850403547286987,1.0,0.57
64450,0.6230776309967041,0.6850403547286987,1.0,0.59
64540,0.6230776309967041,0.6850403547286987,1.0,0.43
64630,0.6230776309967041,0.6850403547286987,1.0,0.54
64720,0.6230776309967041,0.6850403547286987,1.0,0.48
64810,0.6230776309967041,0.6850403547286987,1.0,0.52
64900,0.6230776309967041,0.6850403547286987,1.0,0.53
64990,0.6230776309967041,0.6850403547286987,1.0,0.54
65080,0.6230776309967041,0.6850403547286987,1.0,0.38
65170,0.6230776309967041,0.6850403547286987,1.0,0.42
65260,0.6230776309967041,0.6850403547286987,1.0,0.39
65350,0.6230776309967041,0.6850403547286987,1.0,0.51
65440,0.6230776309967041,0.6850403547286987,1.0,0.49
65530,0.6230776309967041,0.6850403547286987,1.0,0.48
65620,0.6230776309967041,0.6850403547286987,1.0,0.54
65710,0.6230776309967041,0.6850403547286987,1.0,0.41
65800,0.6230776309967041,0.6850403547286987,1.0,0.52
65890,0.6230776309967041,0.6850403547286987,1.0,0.52
65980,0.6230776309967041,0.6850403547286987,1.0,0.58
66070,0.6230776309967041,0.6850403547286987,1.0,0.50
66160,0.6230776309967041,0.6850403547286987,1.0,0.39
66250,0.6230776309967041,0.6850403547286987,1.0,0.39
66340,0.6230776309967041,0.6850403547286987,1.0,0.45
66430,0.6230776309967041,0.6850403547286987,1.0,0.40
66520,0.6230776309967041,0.6850403547286987,1.0,0.54
66610,0.6230776309967041,0.6850403547286987,1.0,0.60
66700,0.6230776309967041,0.6850403547286987,1.0,0.55
66790,0.6230776309967041,0.6850403547286987,1.0,0.40
66880,0.6230776309967041,0.6850403547286987,1.0,0.54
66970,0.6230776309967041,0.6850403547286987,1.0,0.53
67060,0.6230776309967041,0.6850403547286987,1.0,0.47
67150,0.6230776309967041,0.6850403547286987,1.0,0.39
67240,0.6230776309967041,0.6850403547286987,1.0,0.60
67330,0.6230776309967041,0.6850403547286987,1.0,0.39
67420,0.6230776309967041,0.6850403547286987,1.0,0.53
67510,0.6230776309967041,0.6850403547286987,1.0,0.42
67600,0.6230776309967041,0.6850403547286987,1.0,0.62
67690,0.6230776309967041,0.6850403547286987,1.0,0.54
67780,0.6230776309967041,0.6850403547286987,1.0,0.51
67870,0.6230776309967041,0.6850403547286987,1.0,0.54
67960,0.6230776309967041,0.6850403547286987,1.0,0.42
68050,0.6230776309967041,0.6850403547286987,1.0,0.50
68140,0.6230776309967041,0.6850403547286987,1.0,0.48
68230,0.6230776309967041,0.6850403547286987,1.0,0.40
68320,0.6230776309967041,0.6850403547286987,1.0,0.43
68410,0.6230776309967041,0.6850403547286987,1.0,0.48
68500,0.6230776309967041,0.6850403547286987,1.0,0.43
68590,0.6230776309967041,0.6850403547286987,1.0,0.40
68680,0.6230776309967041,0.6850403547286987,1.0,0.58
68770,0.6230776309967041,0.6850403547286987,1.0,0.41
68860,0.6230776309967041,0.6850403547286987,1.0,0.48
68950,0.6230776309967041,0.6850403547286987,1.0,0.46
69040,0.6230776309967041,0.6850403547286987,1.0,0.47
69130,0.6230776309967041,0.6850403547286987,1.0,0.41
69220,0.6230776309967041,0.6850403547286987,1.0,0.49
69310,0.6230776309967041,0.6850403547286987,1.0,0.55
69400,0.6230776309967041,0.6850403547286987,1.0,0.41
69490,0.6230776309967041,0.6850403547286987,1.0,0.60
69580,0.6230776309967041,0.6850403547286987,1.0,0.52
69670,0.6230776309967041,0.6850403547286987,1.0,0.43
69760,0.6230776309967041,0.6850403547286987,1.0,0.39
69850,0.6230776309967041,0.6850403547286987,1.0,0.43
69940,0.6230776309967041,0.6850403547286987,1.0,0.38
70030,0.6230776309967041,0.6850403547286987,1.0,0.41
70120,0.6230776309967041,0.6850403547286987,1.0,0.47
70210,0.6230776309967041,0.6850403547286987,1.0,0.42
70300,0.6230776309967041,0.6850403547286987,1.0,0.48
70390,0.6230776309967041,0.6850403547286987,1.0,0.59
70480,0.6230776309967041,0.6850403547286987,1.0,0.63
70570,0.6230776309967041,0.6850403547286987,1.0,0.46
70660,0.6230776309967041,0.6850403547286987,1.0,0.40
70750,0.6230776309967041,0.6850403547286987,1.0,0.63
70840,0.6230776309967041,0.6850403547286987,1.0,0.50
70930,0.6230776309967041,0.6850403547286987,1.0,0.46
71020,0.6230776309967041,0.6850403547286987,1.0,0.43
71110,0.6230776309967041,0.6850403547286987,1.0,0.37
71200,0.6230776309967041,0.6850403547286987,1.0,0.52
71290,0.6230776309967041,0.6850403547286987,1.0,0.37
71380,0.6230776309967041,0.6850403547286987,1.0,0.46
71470,0.6230776309967041,0.6850403547286987,1.0,0.42
71560,0.6230776309967041,0.6850403547286987,1.0,0.46
71650,0.6230776309967041,0.6850403547286987,1.0,0.44
71740,0.6230776309967041,0.6850403547286987,1.0,0.65
71830,0.6230776309967041,0.6850403547286987,1.0,0.43
71920,0.6230776309967041,0.6850403547286987,1.0,0.50
72010,0.6230776309967041,0.6850403547286987,1.0,0.59
72100,0.6230776309967041,0.6850403547286987,1.0,0.40
72190,0.6230776309967041,0.6850403547286987,1.0,0.62
72280,0.6230776309967041,0.6850403547286987,1.0,0.55
72370,0.6230776309967041,0.6850403547286987,1.0,0.53
72460,0.6230776309967041,0.6850403547286987,1.0,0.52
72550,0.6230776309967041,0.6850403547286987,1.0,0.58
72640,0.6230776309967041,0.6850403547286987,1.0,0.49
72730,0.6230776309967041,0.6850403547286987,1.0,0.42
72820,0.6230776309967041,0.6850403547286987,1.0,0.56
72910,0.6230776309967041,0.6850403547286987,1.0,0.48
73000,0.6230776309967041,0.6850403547286987,1.0,0.57
73090,0.6230776309967041,0.6850403547286987,1.0,0.54
73180,0.6230776309967041,0.6850403547286987,1.0,0.61
73270,0.6230776309967041,0.6850403547286987,1.0,0.47
73360,0.6230776309967041,0.6850403547286987,1.0,0.60
73450,0.6230776309967041,0.6850403547286987,1.0,0.41
73540,0.6230776309967041,0.6850403547286987,1.0,0.61
73630,0.6230776309967041,0.6850403547286987,1.0,0.63
73720,0.6230776309967041,0.6850403547286987,1.0,0.50
73810,0.6230776309967041,0.6850403547286987,1.0,0.60
73900,0.6230776309967041,0.6850403547286987,1.0,0.47
73990,0.6230776309967041,0.6850403547286987,1.0,0.56
74080,0.6230776309967041,0.6850403547286987,1.0,0.53
74170,0.6230776309967041,0.6850403547286987,1.0,0.41
74260,0.6230776309967041,0.6850403547286987,1.0,0.42
74350,0.6230776309967041,0.6850403547286987,1.0,0.41
74440,0.6230776309967041,0.6850403547286987,1.0,0.45
74530,0.6230776309967041,0.6850403547286987,1.0,0.45
74620,0.6230776309967041,0.6850403547286987,1.0,0.41
74710,0.6230776309967041,0.6850403547286987,1.0,0.58
74800,0.6230776309967041,0.6850403547286987,1.0,0.58
74890,0.6230776309967041,0.6850403547286987,1.0,0.63
74980,0.6230776309967041,0.6850403547286987,1.0,0.41
75070,0.6230776309967041,0.6850403547286987,1.0,0.54
75160,0.6230776309967041,0.6850403547286987,1.0,0.36
75250,0.6230776309967041,0.6850403547286987,1.0,0.51
75340,0.6230776309967041,0.6850403547286987,1.0,0.42
75430,0.6230776309967041,0.6850403547286987,1.0,0.55
75520,0.6230776309967041,0.6850403547286987,1.0,0.38
75610,0.6230776309967041,0.6850403547286987,1.0,0.55
75700,0.6230776309967041,0.6850403547286987,1.0,0.52
75790,0.6230776309967041,0.6850403547286987,1.0,0.42
75880,0.6230776309967041,0.6850403547286987,1.0,0.54
75970,0.6230776309967041,0.6850403547286987,1.0,0.44
76060,0.6230776309967041,0.6850403547286987,1.0,0.59
76150,0.6230776309967041,0.6850403547286987,1.0,0.51
76240,0.6230776309967041,0.6850403547286987,1.0,0.55
76330,0.6230776309967041,0.6850403547286987,1.0,0.46
76420,0.6230776309967041,0.6850403547286987,1.0,0.40
76510,0.6230776309967041,0.6850403547286987,1.0,0.43
76600,0.6230776309967041,0.6850403547286987,1.0,0.51
76690,0.6230776309967041,0.6850403547286987,1.0,0.57
76780,0.6230776309967041,0.6850403547286987,1.0,0.61
76870,0.6230776309967041,0.6850403547286987,1.0,0.58
76960,0.6230776309967041,0.6850403547286987,1.0,0.50
77050,0.6230776309967041,0.6850403547286987,1.0,0.46
77140,0.6230776309967041,0.6850403547286987,1.0,0.59
77230,0.6230776309967041,0.6850403547286987,1.0,0.45
77320,0.6230776309967041,0.6850403547286987,1.0,0.57
77410,0.6230776309967041,0.6850403547286987,1.0,0.43
77500,0.6230776309967041,0.6850403547286987,1.0,0.43
77590,0.6230776309967041,0.6850403547286987,1.0,0.52
77680,0.6230776309967041,0.6850403547286987,1.0,0.37
77770,0.6230776309967041,0.6850403547286987,1.0,0.39
77860,0.6230776309967041,0.6850403547286987,1.0,0.60
77950,0.6230776309967041,0.6850403547286987,1.0,0.47
78040,0.6230776309967041,0.6850403547286987,1.0,0.51
78130,0.6230776309967041,0.6850403547286987,1.0,0.50
78220,0.6230776309967041,0.6850403547286987,1.0,0.42
78310,0.6230776309967041,0.6850403547286987,1.0,0.40
78400,0.6230776309967041,0.6850403547286987,1.0,0.51
78490,0.6230776309967041,0.6850403547286987,1.0,0.57
78580,0.6230776309967041,0.6850403547286987,1.0,0.40
78670,0.6230776309967041,0.6850403547286987,1.0,0.61
78760,0.6230776309967041,0.6850403547286987,1.0,0.57
78850,0.6230776309967041,0.6850403547286987,1.0,0.49
78940,0.6230776309967041,0.6850403547286987,1.0,0.58
79030,0.6230776309967041,0.6850403547286987,1.0,0.59
79120,0.6230776309967041,0.6850403547286987,1.0,0.53
79210,0.6230776309967041,0.6850403547286987,1.0,0.58
79300,0.6230776309967041,0.6850403547286987,1.0,0.57
79390,0.6230776309967041,0.6850403547286987,1.0,0.51
79480,0.6230776309967041,0.6850403547286987,1.0,0.39
79570,0.6230776309967041,0.6850403547286987,1.0,0.50
79660,0.6230776309967041,0.6850403547286987,1.0,0.58
79750,0.6230776309967041,0.6850403547286987,1.0,0.60
79840,0.6230776309967041,0.6850403547286987,1.0,0.52
79930,0.6230776309967041,0.6850403547286987,1.0,0.44
80020,0.6230776309967041,0.6850403547286987,1.0,0.37
80110,0.6230776309967041,0.6850403547286987,1.0,0.52
80200,0.6230776309967041,0.6850403547286987,1.0,0.50
80290,0.6230776309967041,0.6850403547286987,1.0,0.47
80380,0.6230776309967041,0.6850403547286987,1.0,0.53
80470,0.6230776309967041,0.6850403547286987,1.0,0.59
80560,0.6230776309967041,0.6850403547286987,1.0,0.52
80650,0.6230776309967041,0.6850403547286987,1.0,0.41
80740,0.6230776309967041,0.6850403547286987,1.0,0.48
80830,0.6230776309967041,0.6850403547286987,1.0,0.40
80920,0.6230776309967041,0.6850403547286987,1.0,0.38
81010,0.6230776309967041,0.6850403547286987,1.0,0.51
81100,0.6230776309967041,0.6850403547286987,1.0,0.59
81190,0.6230776309967041,0.6850403547286987,1.0,0.48
81280,0.6230776309967041,0.6850403547286987,1.0,0.56
81370,0.6230776309967041,0.6850403547286987,1.0,0.45
81460,0.6230776309967041,0.6850403547286987,1.0,0.54
81550,0.6230776309967041,0.6850403547286987,1.0,0.51
81640,0.6230776309967041,0.6850403547286987,1.0,0.59
81730,0.6230776309967041,0.6850403547286987,1.0,0.57
81820,0.6230776309967041,0.6850403547286987,1.0,0.50
81910,0.6230776309967041,0.6850403547286987,1.0,0.47
82000,0.6230776309967041,0.6850403547286987,1.0,0.40
82090,0.6230776309967041,0.6850403547286987,1.0,0.46
82180,0.6230776309967041,0.6850403547286987,1.0,0.59
82270,0.6230776309967041,0.6850403547286987,1.0,0.39
82360,0.6230776309967041,0.6850403547286987,1.0,0.48
82450,0.6230776309967041,0.6850403547286987,1.0,0.40
82540,0.6230776309967041,0.6850403547286987,1.0,0.48
82630,0.6230776309967041,0.6850403547286987,1.0,0.41
82720,0.6230776309967041,0.6850403547286987,1.0,0.56
82810,0.6230776309967041,0.6850403547286987,1.0,0.58
82900,0.6230776309967041,0.6850403547286987,1.0,0.45
82990,0.6230776309967041,0.6850403547286987,1.0,0.55
83080,0.6230776309967041,0.6850403547286987,1.0,0.52
83170,0.6230776309967041,0.6850403547286987,1.0,0.49
83260,0.6230776309967041,0.6850403547286987,1.0,0.59
83350,0.6230776309967041,0.6850403547286987,1.0,0.47
83440,0.6230776309967041,0.6850403547286987,1.0,0.46
83530,0.6230776309967041,0.6850403547286987,1.0,0.46
83620,0.6230776309967041,0.6850403547286987,1.0,0.46
83710,0.6230776309967041,0.6850403547286987,1.0,0.56
83800,0.6230776309967041,0.6850403547286987,1.0,0.55
83890,0.6230776309967041,0.6850403547286987,1.0,0.45
83980,0.6230776309967041,0.6850403547286987,1.0,0.47
84070,0.6230776309967041,0.6850403547286987,1.0,0.38
84160,0.6230776309967041,0.6850403547286987,1.0,0.39
84250,0.6230776309967041,0.6850403547286987,1.0,0.59
84340,0.6230776309967041,0.6850403547286987,1.0,0.59
84430,0.6230776309967041,0.6850403547286987,1.0,0.49
84520,0.6230776309967041,0.6850403547286987,1.0,0.39
84610,0.6230776309967041,0.6850403547286987,1.0,0.47
84700,0.6230776309967041,0.6850403547286987,1.0,0.39
84790,0.6230776309967041,0.6850403547286987,1.0,0.53
84880,0.6230776309967041,0.6850403547286987,1.0,0.50
84970,0.6230776309967041,0.6850403547286987,1.0,0.46
85060,0.6230776309967041,0.6850403547286987,1.0,0.51
85150,0.6230776309967041,0.6850403547286987,1.0,0.49
85240,0.6230776309967041,0.6850403547286987,1.0,0.41
85330,0.6230776309967041,0.6850403547286987,1.0,0.55
85420,0.6230776309967041,0.6850403547286987,1.0,0.55
85510,0.6230776309967041,0.6850403547286987,1.0,0.55
85600,0.6230776309967041,0.6850403547286987,1.0,0.58
85690,0.6230776309967041,0.6850403547286987,1.0,0.68
85780,0.6230776309967041,0.6850403547286987,1.0,0.37
85870,0.6230776309967041,0.6850403547286987,1.0,0.43
85960,0.6230776309967041,0.6850403547286987,1.0,0.52
86050,0.6230776309967041,0.6850403547286987,1.0,0.50
86140,0.6230776309967041,0.6850403547286987,1.0,0.46
86230,0.6230776309967041,0.6850403547286987,1.0,0.51
86320,0.6230776309967041,0.6850403547286987,1.0,0.44
86410,0.6230776309967041,0.6850403547286987,1.0,0.60
86500,0.6230776309967041,0.6850403547286987,1.0,0.38
86590,0.6230776309967041,0.6850403547286987,1.0,0.55
86680,0.6230776309967041,0.6850403547286987,1.0,0.50
86770,0.6230776309967041,0.6850403547286987,1.0,0.48
86860,0.6230776309967041,0.6850403547286987,1.0,0.52
86950,0.6230776309967041,0.6850403547286987,1.0,0.40
87040,0.6230776309967041,0.6850403547286987,1.0,0.39
87130,0.6230776309967041,0.6850403547286987,1.0,0.45
87220,0.6230776309967041,0.6850403547286987,1.0,0.58
87310,0.6230776309967041,0.6850403547286987,1.0,0.58
87400,0.6230776309967041,0.6850403547286987,1.0,0.40
87490,0.6230776309967041,0.6850403547286987,1.0,0.57
87580,0.6230776309967041,0.6850403547286987,1.0,0.48
87670,0.6230776309967041,0.6850403547286987,1.0,0.44
87760,0.6230776309967041,0.6850403547286987,1.0,0.55
87850,0.6230776309967041,0.6850403547286987,1.0,0.49
87940,0.6230776309967041,0.6850403547286987,1.0,0.52
88030,0.6230776309967041,0.6850403547286987,1.0,0.38
88120,0.6230776309967041,0.6850403547286987,1.0,0.56
88210,0.6230776309967041,0.6850403547286987,1.0,0.42
88300,0.6230776309967041,0.6850403547286987,1.0,0.58
88390,0.6230776309967041,0.6850403547286987,1.0,0.50
88480,0.6230776309967041,0.6850403547286987,1.0,0.59
88570,0.6230776309967041,0.6850403547286987,1.0,0.44
88660,0.6230776309967041,0.6850403547286987,1.0,0.58
88750,0.6230776309967041,0.6850403547286987,1.0,0.61
88840,0.6230776309967041,0.6850403547286987,1.0,0.49
88930,0.6230776309967041,0.6850403547286987,1.0,0.59
89020,0.6230776309967041,0.6850403547286987,1.0,0.37
89110,0.6230776309967041,0.6850403547286987,1.0,0.36
89200,0.6230776309967041,0.6850403547286987,1.0,0.42
89290,0.6230776309967041,0.6850403547286987,1.0,0.58
89380,0.6230776309967041,0.6850403547286987,1.0,0.40
89470,0.6230776309967041,0.6850403547286987,1.0,0.49
89560,0.6230776309967041,0.6850403547286987,1.0,0.59
89650,0.6230776309967041,0.6850403547286987,1.0,0.38
89740,0.6230776309967041,0.6850403547286987,1.0,0.56
89830,0.6230776309967041,0.6850403547286987,1.0,0.56
89920,0.6230776309967041,0.6850403547286987,1.0,0.44
90010,0.6230776309967041,0.6850403547286987,1.0,0.60
90100,0.6230776309967041,0.6850403547286987,1.0,0.40
90190,0.6230776309967041,0.6850403547286987,1.0,0.66
90280,0.6230776309967041,0.6850403547286987,1.0,0.43
90370,0.6230776309967041,0.6850403547286987,1.0,0.59
90460,0.6230776309967041,0.6850403547286987,1.0,0.47
90550,0.6230776309967041,0.6850403547286987,1.0,0.54
90640,0.6230776309967041,0.6850403547286987,1.0,0.61
90730,0.6230776309967041,0.6850403547286987,1.0,0.57
90820,0.6230776309967041,0.6850403547286987,1.0,0.46
90910,0.6230776309967041,0.6850403547286987,1.0,0.57
91000,0.6230776309967041,0.6850403547286987,1.0,0.60
91090,0.6230776309967041,0.6850403547286987,1.0,0.39
91180,0.6230776309967041,0.6850403547286987,1.0,0.38
91270,0.6230776309967041,0.6850403547286987,1.0,0.48
91360,0.6230776309967041,0.6850403547286987,1.0,0.45
91450,0.6230776309967041,0.6850403547286987,1.0,0.52
91540,0.6230776309967041,0.6850403547286987,1.0,0.47
91630,0.6230776309967041,0.6850403547286987,1.0,0.52
91720,0.6230776309967041,0.6850403547286987,1.0,0.50
91810,0.6230776309967041,0.6850403547286987,1.0,0.56
91900,0.6230776309967041,0.6850403547286987,1.0,0.45
91990,0.6230776309967041,0.6850403547286987,1.0,0.44
92080,0.6230776309967041,0.6850403547286987,1.0,0.55
92170,0.6230776309967041,0.6850403547286987,1.0,0.51
92260,0.6230776309967041,0.6850403547286987,1.0,0.51
92350,0.6230776309967041,0.6850403547286987,1.0,0.47
92440,0.6230776309967041,0.6850403547286987,1.0,0.59
92530,0.6230776309967041,0.6850403547286987,1.0,0.56
92620,0.6230776309967041,0.6850403547286987,1.0,0.41
92710,0.6230776309967041,0.6850403547286987,1.0,0.51
92800,0.6230776309967041,0.6850403547286987,1.0,0.43
92890,0.6230776309967041,0.6850403547286987,1.0,0.37
92980,0.6230776309967041,0.6850403547286987,1.0,0.43
93070,0.6230776309967041,0.6850403547286987,1.0,0.53
93160,0.6230776309967041,0.6850403547286987,1.0,0.46
93250,0.6230776309967041,0.6850403547286987,1.0,0.61
93340,0.6230776309967041,0.6850403547286987,1.0,0.61
93430,0.6230776309967041,0.6850403547286987,1.0,0.47
93520,0.6230776309967041,0.6850403547286987,1.0,0.53
93610,0.6230776309967041,0.6850403547286987,1.0,0.49
93700,0.6230776309967041,0.6850403547286987,1.0,0.51
93790,0.6230776309967041,0.6850403547286987,1.0,0.37
93880,0.6230776309967041,0.6850403547286987,1.0,0.56
93970,0.6230776309967041,0.6850403547286987,1.0,0.53
94060,0.6230776309967041,0.6850403547286987,1.0,0.54
94150,0.6230776309967041,0.6850403547286987,1.0,0.58
94240,0.6230776309967041,0.6850403547286987,1.0,0.57
94330,0.6230776309967041,0.6850403547286987,1.0,0.37
94420,0.6230776309967041,0.6850403547286987,1.0,0.45
94510,0.6230776309967041,0.6850403547286987,1.0,0.58
94600,0.6230776309967041,0.6850403547286987,1.0,0.44
94690,0.6230776309967041,0.6850403547286987,1.0,0.61
94780,0.6230776309967041,0.6850403547286987,1.0,0.41
94870,0.6230776309967041,0.6850403547286987,1.0,0.60
94960,0.6230776309967041,0.6850403547286987,1.0,0.60
95050,0.6230776309967041,0.6850403547286987,1.0,0.50
95140,0.6230776309967041,0.6850403547286987,1.0,0.42
95230,0.6230776309967041,0.6850403547286987,1.0,0.59
95320,0.6230776309967041,0.6850403547286987,1.0,0.46
95410,0.6230776309967041,0.6850403547286987,1.0,0.48
95500,0.6230776309967041,0.6850403547286987,1.0,0.50
95590,0.6230776309967041,0.6850403547286987,1.0,0.39
95680,0.6230776309967041,0.6850403547286987,1.0,0.54
95770,0.6230776309967041,0.6850403547286987,1.0,0.46
95860,0.6230776309967041,0.6850403547286987,1.0,0.43
95950,0.6230776309967041,0.6850403547286987,1.0,0.41
96040,0.6230776309967041,0.6850403547286987,1.0,0.47
96130,0.6230776309967041,0.6850403547286987,1.0,0.62
96220,0.6230776309967041,0.6850403547286987,1.0,0.46
96310,0.6230776309967041,0.6850403547286987,1.0,0.53
96400,0.6230776309967041,0.6850403547286987,1.0,0.51
96490,0.6230776309967041,0.6850403547286987,1.0,0.45
96580,0.6230776309967041,0.6850403547286987,1.0,0.52
96670,0.6230776309967041,0.6850403547286987,1.0,0.44
96760,0.6230776309967041,0.6850403547286987,1.0,0.49
96850,0.6230776309967041,0.6850403547286987,1.0,0.50
96940,0.6230776309967041,0.6850403547286987,1.0,0.50
97030,0.6230776309967041,0.6850403547286987,1.0,0.54
97120,0.6230776309967041,0.6850403547286987,1.0,0.55
97210,0.6230776309967041,0.6850403547286987,1.0,0.53
97300,0.6230776309967041,0.6850403547286987,1.0,0.53
97390,0.6230776309967041,0.6850403547286987,1.0,0.47
97480,0.6230776309967041,0.6850403547286987,1.0,0.47
97570,0.6230776309967041,0.6850403547286987,1.0,0.45
97660,0.6230776309967041,0.6850403547286987,1.0,0.44
97750,0.6230776309967041,0.6850403547286987,1.0,0.48
97840,0.6230776309967041,0.6850403547286987,1.0,0.50
97930,0.6230776309967041,0.6850403547286987,1.0,0.45
98020,0.6230776309967041,0.6850403547286987,1.0,0.42
98110,0.6230776309967041,0.6850403547286987,1.0,0.53
98200,0.6230776309967041,0.6850403547286987,1.0,0.48
98290,0.6230776309967041,0.6850403547286987,1.0,0.41
98380,0.6230776309967041,0.6850403547286987,1.0,0.56
98470,0.6230776309967041,0.6850403547286987,1.0,0.48
98560,0.6230776309967041,0.6850403547286987,1.0,0.47
98650,0.6230776309967041,0.6850403547286987,1.0,0.52
98740,0.6230776309967041,0.6850403547286987,1.0,0.52
98830,0.6230776309967041,0.6850403547286987,1.0,0.48
98920,0.6230776309967041,0.6850403547286987,1.0,0.47
99010,0.6230776309967041,0.6850403547286987,1.0,0.43
99100,0.6230776309967041,0.6850403547286987,1.0,0.59
99190,0.6230776309967041,0.6850403547286987,1.0,0.51
99280,0.6230776309967041,0.6850403547286987,1.0,0.38
99370,0.6230776309967041,0.6850403547286987,1.0,0.38
99460,0.6230776309967041,0.6850403547286987,1.0,0.50
99550,0.6230776309967041,0.6850403547286987,1.0,0.47
99640,0.6230776309967041,0.6850403547286987,1.0,0.52
99730,0.6230776309967041,0.6850403547286987,1.0,0.57
99820,0.6230776309967041,0.6850403547286987,1.0,0.55
99910,0.6230776309967041,0.6850403547286987,1.0,0.42
100000,0.6230776309967041,0.6850403547286987,1.0,0.45
100090,0.6230776309967041,0.6850403547286987,1.0,0.45
100180,0.6230776309967041,0.6850403547286987,1.0,0.58
100270,0.6230776309967041,0.6850403547286987,1.0,0.52
100360,0.6230776309967041,0.6850403547286987,1.0,0.49
100450,0.6230776309967041,0.6850403547286987,1.0,0.58
100540,0.6230776309967041,0.6850403547286987,1.0,0.39
100630,0.6230776309967041,0.6850403547286987,1.0,0.44
100720,0.6230776309967041,0.6850403547286987,1.0,0.49
100810,0.6230776309967041,0.6850403547286987,1.0,0.57
100900,0.6230776309967041,0.6850403547286987,1.0,0.51
100990,0.6230776309967041,0.6850403547286987,1.0,0.52
101080,0.6230776309967041,0.6850403547286987,1.0,0.39
101170,0.6230776309967041,0.6850403547286987,1.0,0.37
101260,0.6230776309967041,0.6850403547286987,1.0,0.46
101350,0.6230776309967041,0.6850403547286987,1.0,0.49
101440,0.6230776309967041,0.6850403547286987,1.0,0.53
101530,0.6230776309967041,0.6850403547286987,1.0,0.60
101620,0.6230776309967041,0.6850403547286987,1.0,0.52
101710,0.6230776309967041,0.6850403547286987,1.0,0.41
101800,0.6230776309967041,0.6850403547286987,1.0,0.47
101890,0.6230776309967041,0.6850403547286987,1.0,0.45
101980,0.6230776309967041,0.6850403547286987,1.0,0.48
102070,0.6230776309967041,0.6850403547286987,1.0,0.51
102160,0.6230776309967041,0.6850403547286987,1.0,0.57
102250,0.6230776309967041,0.6850403547286987,1.0,0.58
102340,0.6230776309967041,0.6850403547286987,1.0,0.51
102430,0.6230776309967041,0.6850403547286987,1.0,0.42
102520,0.6230776309967041,0.6850403547286987,1.0,0.45
102610,0.6230776309967041,0.6850403547286987,1.0,0.39
102700,0.6230776309967041,0.6850403547286987,1.0,0.55
102790,0.6230776309967041,0.6850403547286987,1.0,0.44
102880,0.6230776309967041,0.6850403547286987,1.0,0.51
102970,0.6230776309967041,0.6850403547286987,1.0,0.46
103060,0.6230776309967041,0.6850403547286987,1.0,0.45
103150,0.6230776309967041,0.6850403547286987,1.0,0.46
103240,0.6230776309967041,0.6850403547286987,1.0,0.45
103330,0.6230776309967041,0.6850403547286987,1.0,0.40
103420,0.6230776309967041,0.6850403547286987,1.0,0.58
103510,0.6230776309967041,0.6850403547286987,1.0,0.60
103600,0.6230776309967041,0.6850403547286987,1.0,0.59
103690,0.6230776309967041,0.6850403547286987,1.0,0.48
103780,0.6230776309967041,0.6850403547286987,1.0,0.40
103870,0.6230776309967041,0.6850403547286987,1.0,0.37
103960,0.6230776309967041,0.6850403547286987,1.0,0.49
104050,0.6230776309967041,0.6850403547286987,1.0,0.41
104140,0.6230776309967041,0.6850403547286987,1.0,0.60
104230,0.6230776309967041,0.6850403547286987,1.0,0.51
104320,0.6230776309967041,0.6850403547286987,1.0,0.39
104410,0.6230776309967041,0.6850403547286987,1.0,0.45
104500,0.6230776309967041,0.6850403547286987,1.0,0.53
104590,0.6230776309967041,0.6850403547286987,1.0,0.61
104680,0.6230776309967041,0.6850403547286987,1.0,0.50
104770,0.6230776309967041,0.6850403547286987,1.0,0.52
104860,0.6230776309967041,0.6850403547286987,1.0,0.45
104950,0.6230776309967041,0.6850403547286987,1.0,0.47
105040,0.6230776309967041,0.6850403547286987,1.0,0.60
105130,0.6230776309967041,0.6850403547286987,1.0,0.52
105220,0.6230776309967041,0.6850403547286987,1.0,0.43
105310,0.6230776309967041,0.6850403547286987,1.0,0.49
105400,0.6230776309967041,0.6850403547286987,1.0,0.49
105490,0.6230776309967041,0.6850403547286987,1.0,0.38
105580,0.6230776309967041,0.6850403547286987,1.0,0.52
105670,0.6230776309967041,0.6850403547286987,1.0,0.42
105760,0.6230776309967041,0.6850403547286987,1.0,0.41
105850,0.6230776309967041,0.6850403547286987,1.0,0.44
105940,0.6230776309967041,0.6850403547286987,1.0,0.47
106030,0.6230776309967041,0.6850403547286987,1.0,0.53
106120,0.6230776309967041,0.6850403547286987,1.0,0.39
106210,0.6230776309967041,0.6850403547286987,1.0,0.55
106300,0.6230776309967041,0.6850403547286987,1.0,0.54
106390,0.6230776309967041,0.6850403547286987,1.0,0.41
106480,0.6230776309967041,0.6850403547286987,1.0,0.37
106570,0.6230776309967041,0.6850403547286987,1.0,0.39
106660,0.6230776309967041,0.6850403547286987,1.0,0.50
106750,0.6230776309967041,0.6850403547286987,1.0,0.58
106840,0.6230776309967041,0.6850403547286987,1.0,0.38
106930,0.6230776309967041,0.6850403547286987,1.0,0.37
107020,0.6230776309967041,0.6850403547286987,1.0,0.53
107110,0.6230776309967041,0.6850403547286987,1.0,0.53
107200,0.6230776309967041,0.6850403547286987,1.0,0.53
107290,0.6230776309967041,0.6850403547286987,1.0,0.42
107380,0.6230776309967041,0.6850403547286987,1.0,0.59
107470,0.6230776309967041,0.6850403547286987,1.0,0.47
107560,0.6230776309967041,0.6850403547286987,1.0,0.41
107650,0.6230776309967041,0.6850403547286987,1.0,0.47
107740,0.6230776309967041,0.6850403547286987,1.0,0.46
107830,0.6230776309967041,0.6850403547286987,1.0,0.38
107920,0.6230776309967041,0.6850403547286987,1.0,0.48
108010,0.6230776309967041,0.6850403547286987,1.0,0.43
108100,0.6230776309967041,0.6850403547286987,1.0,0.51
108190,0.6230776309967041,0.6850403547286987,1.0,0.55
108280,0.6230776309967041,0.6850403547286987,1.0,0.51
108370,0.6230776309967041,0.6850403547286987,1.0,0.51
108460,0.6230776309967041,0.6850403547286987,1.0,0.45
108550,0.6230776309967041,0.6850403547286987,1.0,0.51
108640,0.6230776309967041,0.6850403547286987,1.0,0.50
108730,0.6230776309967041,0.6850403547286987,1.0,0.53
108820,0.6230776309967041,0.6850403547286987,1.0,0.58
108910,0.6230776309967041,0.6850403547286987,1.0,0.50
109000,0.6230776309967041,0.6850403547286987,1.0,0.51
109090,0.6230776309967041,0.6850403547286987,1.0,0.36
109180,0.6230776309967041,0.6850403547286987,1.0,0.53
109270,0.6230776309967041,0.6850403547286987,1.0,0.49
109360,0.6230776309967041,0.6850403547286987,1.0,0.51
109450,0.6230776309967041,0.6850403547286987,1.0,0.53
109540,0.6230776309967041,0.6850403547286987,1.0,0.52
109630,0.6230776309967041,0.6850403547286987,1.0,0.39
109720,0.6230776309967041,0.6850403547286987,1.0,0.50
109810,0.6230776309967041,0.6850403547286987,1.0,0.51
109900,0.6230776309967041,0.6850403547286987,1.0,0.46
109990,0.6230776309967041,0.6850403547286987,1.0,0.38
110080,0.6230776309967041,0.6850403547286987,1.0,0.39
110170,0.6230776309967041,0.6850403547286987,1.0,0.60
110260,0.6230776309967041,0.6850403547286987,1.0,0.54
110350,0.6230776309967041,0.6850403547286987,1.0,0.50
110440,0.6230776309967041,0.6850403547286987,1.0,0.49
110530,0.6230776309967041,0.6850403547286987,1.0,0.54
110620,0.6230776309967041,0.6850403547286987,1.0,0.51
110710,0.6230776309967041,0.6850403547286987,1.0,0.57
110800,0.6230776309967041,0.6850403547286987,1.0,0.51
110890,0.6230776309967041,0.6850403547286987,1.0,0.57
110980,0.6230776309967041,0.6850403547286987,1.0,0.47
111070,0.6230776309967041,0.6850403547286987,1.0,0.56
111160,0.6230776309967041,0.6850403547286987,1.0,0.41
111250,0.6230776309967041,0.6850403547286987,1.0,0.59
111340,0.6230776309967041,0.6850403547286987,1.0,0.48
111430,0.6230776309967041,0.6850403547286987,1.0,0.51
111520,0.6230776309967041,0.6850403547286987,1.0,0.49
111610,0.6230776309967041,0.6850403547286987,1.0,0.61
111700,0.6230776309967041,0.6850403547286987,1.0,0.39
111790,0.6230776309967041,0.6850403547286987,1.0,0.57
111880,0.6230776309967041,0.6850403547286987,1.0,0.45
111970,0.6230776309967041,0.6850403547286987,1.0,0.49
112060,0.6230776309967041,0.6850403547286987,1.0,0.45
112150,0.6230776309967041,0.6850403547286987,1.0,0.39
112240,0.6230776309967041,0.6850403547286987,1.0,0.48
112330,0.6230776309967041,0.6850403547286987,1.0,0.47
112420,0.6230776309967041,0.6850403547286987,1.0,0.51
112510,0.6230776309967041,0.6850403547286987,1.0,0.43
112600,0.6230776309967041,0.6850403547286987,1.0,0.53
112690,0.6230776309967041,0.6850403547286987,1.0,0.54
112780,0.6230776309967041,0.6850403547286987,1.0,0.56
112870,0.6230776309967041,0.6850403547286987,1.0,0.61
112960,0.6230776309967041,0.6850403547286987,1.0,0.39
113050,0.6230776309967041,0.6850403547286987,1.0,0.54
113140,0.6230776309967041,0.6850403547286987,1.0,0.50
113230,0.6230776309967041,0.6850403547286987,1.0,0.43
113320,0.6230776309967041,0.6850403547286987,1.0,0.40
113410,0.6230776309967041,0.6850403547286987,1.0,0.58
113500,0.6230776309967041,0.6850403547286987,1.0,0.57
113590,0.6230776309967041,0.6850403547286987,1.0,0.42
113680,0.6230776309967041,0.6850403547286987,1.0,0.47
113770,0.6230776309967041,0.6850403547286987,1.0,0.53
113860,0.6230776309967041,0.6850403547286987,1.0,0.55
113950,0.6230776309967041,0.6850403547286987,1.0,0.56
114040,0.6230776309967041,0.6850403547286987,1.0,0.51
114130,0.6230776309967041,0.6850403547286987,1.0,0.38
114220,0.6230776309967041,0.6850403547286987,1.0,0.60
114310,0.6230776309967041,0.6850403547286987,1.0,0.56
114400,0.6230776309967041,0.6850403547286987,1.0,0.53
114490,0.6230776309967041,0.6850403547286987,1.0,0.41
114580,0.6230776309967041,0.6850403547286987,1.0,0.43
114670,0.6230776309967041,0.6850403547286987,1.0,0.38
114760,0.6230776309967041,0.6850403547286987,1.0,0.39
114850,0.6230776309967041,0.6850403547286987,1.0,0.48
114940,0.6230776309967041,0.6850403547286987,1.0,0.60
115030,0.6230776309967041,0.6850403547286987,1.0,0.57
115120,0.6230776309967041,0.6850403547286987,1.0,0.40
115210,0.6230776309967041,0.6850403547286987,1.0,0.55
115300,0.6230776309967041,0.6850403547286987,1.0,0.54
115390,0.6230776309967041,0.6850403547286987,1.0,0.52
115480,0.6230776309967041,0.6850403547286987,1.0,0.44
115570,0.6230776309967041,0.6850403547286987,1.0,0.49
115660,0.6230776309967041,0.6850403547286987,1.0,0.53
115750,0.6230776309967041,0.6850403547286987,1.0,0.48
115840,0.6230776309967041,0.6850403547286987,1.0,0.42
115930,0.6230776309967041,0.6850403547286987,1.0,0.49
116020,0.6230776309967041,0.6850403547286987,1.0,0.47
116110,0.6230776309967041,0.6850403547286987,1.0,0.38
116200,0.6230776309967041,0.6850403547286987,1.0,0.43
116290,0.6230776309967041,0.6850403547286987,1.0,0.58
116380,0.6230776309967041,0.6850403547286987,1.0,0.48
116470,0.6230776309967041,0.6850403547286987,1.0,0.51
116560,0.6230776309967041,0.6850403547286987,1.0,0.39
116650,0.6230776309967041,0.6850403547286987,1.0,0.59
116740,0.6230776309967041,0.6850403547286987,1.0,0.44
116830,0.6230776309967041,0.6850403547286987,1.0,0.53
116920,0.6230776309967041,0.6850403547286987,1.0,0.40
117010,0.6230776309967041,0.6850403547286987,1.0,0.50
117100,0.6230776309967041,0.6850403547286987,1.0,0.58
117190,0.6230776309967041,0.6850403547286987,1.0,0.47
117280,0.6230776309967041,0.6850403547286987,1.0,0.52
117370,0.6230776309967041,0.6850403547286987,1.0,0.58
117460,0.6230776309967041,0.6850403547286987,1.0,0.51
117550,0.6230776309967041,0.6850403547286987,1.0,0.39
117640,0.6230776309967041,0.6850403547286987,1.0,0.57
117730,0.6230776309967041,0.6850403547286987,1.0,0.56
117820,0.6230776309967041,0.6850403547286987,1.0,0.55
117910,0.6230776309967041,0.6850403547286987,1.0,0.50
118000,0.6230776309967041,0.6850403547286987,1.0,0.40
118090,0.6230776309967041,0.6850403547286987,1.0,0.49
118180,0.6230776309967041,0.6850403547286987,1.0,0.51
118270,0.6230776309967041,0.6850403547286987,1.0,0.44
118360,0.6230776309967041,0.6850403547286987,1.0,0.50
118450,0.6230776309967041,0.6850403547286987,1.0,0.40
118540,0.6230776309967041,0.6850403547286987,1.0,0.57
118630,0.6230776309967041,0.6850403547286987,1.0,0.38
118720,0.6230776309967041,0.6850403547286987,1.0,0.58
118810,0.6230776309967041,0.6850403547286987,1.0,0.43
118900,0.6230776309967041,0.6850403547286987,1.0,0.55
118990,0.6230776309967041,0.6850403547286987,1.0,0.53
119080,0.6230776309967041,0.6850403547286987,1.0,0.52
119170,0.6230776309967041,0.6850403547286987,1.0,0.44
119260,0.6230776309967041,0.6850403547286987,1.0,0.43
119350,0.6230776309967041,0.6850403547286987,1.0,0.41
119440,0.6230776309967041,0.6850403547286987,1.0,0.52
119530,0.6230776309967041,0.6850403547286987,1.0,0.53
119620,0.6230776309967041,0.6850403547286987,1.0,0.38
119710,0.6230776309967041,0.6850403547286987,1.0,0.47
119800,0.6230776309967041,0.6850403547286987,1.0,0.52
119890,0.6230776309967041,0.6850403547286987,1.0,0.62
119980,0.6230776309967041,0.6850403547286987,1.0,0.54
120070,0.6230776309967041,0.6850403547286987,1.0,0.61
120160,0.6230776309967041,0.6850403547286987,1.0,0.44
120250,0.6230776309967041,0.6850403547286987,1.0,0.52
120340,0.6230776309967041,0.6850403547286987,1.0,0.48
120430,0.6230776309967041,0.6850403547286987,1.0,0.49
120520,0.6230776309967041,0.6850403547286987,1.0,0.49
120610,0.6230776309967041,0.6850403547286987,1.0,0.41
120700,0.6230776309967041,0.6850403547286987,1.0,0.47
120790,0.6230776309967041,0.6850403547286987,1.0,0.40
120880,0.6230776309967041,0.6850403547286987,1.0,0.45
120970,0.6230776309967041,0.6850403547286987,1.0,0.44
121060,0.6230776309967041,0.6850403547286987,1.0,0.54
121150,0.6230776309967041,0.6850403547286987,1.0,0.46
121240,0.6230776309967041,0.6850403547286987,1.0,0.45
121330,0.6230776309967041,0.6850403547286987,1.0,0.54
121420,0.6230776309967041,0.6850403547286987,1.0,0.41
121510,0.6230776309967041,0.6850403547286987,1.0,0.49
121600,0.6230776309967041,0.6850403547286987,1.0,0.45
121690,0.6230776309967041,0.6850403547286987,1.0,0.67
121780,0.6230776309967041,0.6850403547286987,1.0,0.46
121870,0.6230776309967041,0.6850403547286987,1.0,0.48
121960,0.6230776309967041,0.6850403547286987,1.0,0.57
122050,0.6230776309967041,0.6850403547286987,1.0,0.55
122140,0.6230776309967041,0.6850403547286987,1.0,0.43
122230,0.6230776309967041,0.6850403547286987,1.0,0.47
122320,0.6230776309967041,0.6850403547286987,1.0,0.48
122410,0.6230776309967041,0.6850403547286987,1.0,0.37
122500,0.6230776309967041,0.6850403547286987,1.0,0.56
122590,0.6230776309967041,0.6850403547286987,1.0,0.39
122680,0.6230776309967041,0.6850403547286987,1.0,0.59
122770,0.6230776309967041,0.6850403547286987,1.0,0.40
122860,0.6230776309967041,0.6850403547286987,1.0,0.59
122950,0.6230776309967041,0.6850403547286987,1.0,0.37
123040,0.6230776309967041,0.6850403547286987,1.0,0.51
123130,0.6230776309967041,0.6850403547286987,1.0,0.51
123220,0.6230776309967041,0.6850403547286987,1.0,0.45
123310,0.6230776309967041,0.6850403547286987,1.0,0.52
123400,0.6230776309967041,0.6850403547286987,1.0,0.52
123490,0.6230776309967041,0.6850403547286987,1.0,0.62
123580,0.6230776309967041,0.6850403547286987,1.0,0.59
123670,0.6230776309967041,0.6850403547286987,1.0,0.45
123760,0.6230776309967041,0.6850403547286987,1.0,0.50
123850,0.6230776309967041,0.6850403547286987,1.0,0.55
123940,0.6230776309967041,0.6850403547286987,1.0,0.62
124030,0.6230776309967041,0.6850403547286987,1.0,0.56
124120,0.6230776309967041,0.6850403547286987,1.0,0.43
124210,0.6230776309967041,0.6850403547286987,1.0,0.38
124300,0.6230776309967041,0.6850403547286987,1.0,0.43
124390,0.6230776309967041,0.6850403547286987,1.0,0.51
124480,0.6230776309967041,0.6850403547286987,1.0,0.52
124570,0.6230776309967041,0.6850403547286987,1.0,0.50
124660,0.6230776309967041,0.6850403547286987,1.0,0.46
124750,0.6230776309967041,0.6850403547286987,1.0,0.45
124840,0.6230776309967041,0.6850403547286987,1.0,0.47
124930,0.6230776309967041,0.6850403547286987,1.0,0.42
125020,0.6230776309967041,0.6850403547286987,1.0,0.51
125110,0.6230776309967041,0.6850403547286987,1.0,0.57
125200,0.6230776309967041,0.6850403547286987,1.0,0.42
125290,0.6230776309967041,0.6850403547286987,1.0,0.44
125380,0.6230776309967041,0.6850403547286987,1.0,0.57
125470,0.6230776309967041,0.6850403547286987,1.0,0.56
125560,0.6230776309967041,0.6850403547286987,1.0,0.57
125650,0.6230776309967041,0.6850403547286987,1.0,0.46
125740,0.6230776309967041,0.6850403547286987,1.0,0.37
125830,0.6230776309967041,0.6850403547286987,1.0,0.53
125920,0.6230776309967041,0.6850403547286987,1.0,0.59
126010,0.6230776309967041,0.6850403547286987,1.0,0.39
126100,0.6230776309967041,0.6850403547286987,1.0,0.52
126190,0.6230776309967041,0.6850403547286987,1.0,0.64
126280,0.6230776309967041,0.6850403547286987,1.0,0.51
126370,0.6230776309967041,0.6850403547286987,1.0,0.54
126460,0.6230776309967041,0.6850403547286987,1.0,0.39
126550,0.6230776309967041,0.6850403547286987,1.0,0.44
126640,0.6230776309967041,0.6850403547286987,1.0,0.50
126730,0.6230776309967041,0.6850403547286987,1.0,0.55
126820,0.6230776309967041,0.6850403547286987,1.0,0.51
126910,0.6230776309967041,0.6850403547286987,1.0,0.52
127000,0.6230776309967041,0.6850403547286987,1.0,0.58
127090,0.6230776309967041,0.6850403547286987,1.0,0.45
127180,0.6230776309967041,0.6850403547286987,1.0,0.35
127270,0.6230776309967041,0.6850403547286987,1.0,0.55
127360,0.6230776309967041,0.6850403547286987,1.0,0.60
127450,0.6230776309967041,0.6850403547286987,1.0,0.42
127540,0.6230776309967041,0.6850403547286987,1.0,0.60
127630,0.6230776309967041,0.6850403547286987,1.0,0.44
127720,0.6230776309967041,0.6850403547286987,1.0,0.54
127810,0.6230776309967041,0.6850403547286987,1.0,0.60
127900,0.6230776309967041,0.6850403547286987,1.0,0.40
127990,0.6230776309967041,0.6850403547286987,1.0,0.40
128080,0.6230776309967041,0.6850403547286987,1.0,0.49
128170,0.6230776309967041,0.6850403547286987,1.0,0.51
128260,0.6230776309967041,0.6850403547286987,1.0,0.48
128350,0.6230776309967041,0.6850403547286987,1.0,0.39
128440,0.6230776309967041,0.6850403547286987,1.0,0.50
128530,0.6230776309967041,0.6850403547286987,1.0,0.45
128620,0.6230776309967041,0.6850403547286987,1.0,0.37
128710,0.6230776309967041,0.6850403547286987,1.0,0.56
128800,0.6230776309967041,0.6850403547286987,1.0,0.59
128890,0.6230776309967041,0.6850403547286987,1.0,0.49
128980,0.6230776309967041,0.6850403547286987,1.0,0.47
129070,0.6230776309967041,0.6850403547286987,1.0,0.57
129160,0.6230776309967041,0.6850403547286987,1.0,0.41
129250,0.6230776309967041,0.6850403547286987,1.0,0.38
129340,0.6230776309967041,0.6850403547286987,1.0,0.62
129430,0.6230776309967041,0.6850403547286987,1.0,0.39
129520,0.6230776309967041,0.6850403547286987,1.0,0.47
129610,0.6230776309967041,0.6850403547286987,1.0,0.58
129700,0.6230776309967041,0.6850403547286987,1.0,0.54
129790,0.6230776309967041,0.6850403547286987,1.0,0.48
129880,0.6230776309967041,0.6850403547286987,1.0,0.53
129970,0.6230776309967041,0.6850403547286987,1.0,0.36
130060,0.6230776309967041,0.6850403547286987,1.0,0.56
130150,0.6230776309967041,0.6850403547286987,1.0,0.46
130240,0.6230776309967041,0.6850403547286987,1.0,0.38
130330,0.6230776309967041,0.6850403547286987,1.0,0.49
130420,0.6230776309967041,0.6850403547286987,1.0,0.56
130510,0.6230776309967041,0.6850403547286987,1.0,0.47
130600,0.6230776309967041,0.6850403547286987,1.0,0.39
130690,0.6230776309967041,0.6850403547286987,1.0,0.59
130780,0.6230776309967041,0.6850403547286987,1.0,0.53
130870,0.6230776309967041,0.6850403547286987,1.0,0.40
130960,0.6230776309967041,0.6850403547286987,1.0,0.39
131050,0.6230776309967041,0.6850403547286987,1.0,0.55
131140,0.6230776309967041,0.6850403547286987,1.0,0.47
131230,0.6230776309967041,0.6850403547286987,1.0,0.47
131320,0.6230776309967041,0.6850403547286987,1.0,0.39
131410,0.6230776309967041,0.6850403547286987,1.0,0.48
131500,0.6230776309967041,0.6850403547286987,1.0,0.47
131590,0.6230776309967041,0.6850403547286987,1.0,0.58
131680,0.6230776309967041,0.6850403547286987,1.0,0.55
131770,0.6230776309967041,0.6850403547286987,1.0,0.46
131860,0.6230776309967041,0.6850403547286987,1.0,0.39
131950,0.6230776309967041,0.6850403547286987,1.0,0.44
132040,0.6230776309967041,0.6850403547286987,1.0,0.45
132130,0.6230776309967041,0.6850403547286987,1.0,0.58
132220,0.6230776309967041,0.6850403547286987,1.0,0.52
132310,0.6230776309967041,0.6850403547286987,1.0,0.38
132400,0.6230776309967041,0.6850403547286987,1.0,0.46
132490,0.6230776309967041,0.6850403547286987,1.0,0.53
132580,0.6230776309967041,0.6850403547286987,1.0,0.39
132670,0.6230776309967041,0.6850403547286987,1.0,0.54
132760,0.6230776309967041,0.6850403547286987,1.0,0.39
132850,0.6230776309967041,0.6850403547286987,1.0,0.41
132940,0.6230776309967041,0.6850403547286987,1.0,0.54
133030,0.6230776309967041,0.6850403547286987,1.0,0.44
133120,0.6230776309967041,0.6850403547286987,1.0,0.37
133210,0.6230776309967041,0.6850403547286987,1.0,0.43
133300,0.6230776309967041,0.6850403547286987,1.0,0.48
133390,0.6230776309967041,0.6850403547286987,1.0,0.61
133480,0.6230776309967041,0.6850403547286987,1.0,0.50
133570,0.6230776309967041,0.6850403547286987,1.0,0.56
133660,0.6230776309967041,0.6850403547286987,1.0,0.51
133750,0.6230776309967041,0.6850403547286987,1.0,0.58
133840,0.6230776309967041,0.6850403547286987,1.0,0.37
133930,0.6230776309967041,0.6850403547286987,1.0,0.60
134020,0.6230776309967041,0.6850403547286987,1.0,0.41
134110,0.6230776309967041,0.6850403547286987,1.0,0.55
134200,0.6230776309967041,0.6850403547286987,1.0,0.39
134290,0.6230776309967041,0.6850403547286987,1.0,0.48
134380,0.6230776309967041,0.6850403547286987,1.0,0.46
134470,0.6230776309967041,0.6850403547286987,1.0,0.49
134560,0.6230776309967041,0.6850403547286987,1.0,0.49
134650,0.6230776309967041,0.6850403547286987,1.0,0.60
134740,0.6230776309967041,0.6850403547286987,1.0,0.45
134830,0.6230776309967041,0.6850403547286987,1.0,0.48
134920,0.6230776309967041,0.6850403547286987,1.0,0.54
135010,0.6230776309967041,0.6850403547286987,1.0,0.55
135100,0.6230776309967041,0.6850403547286987,1.0,0.49
135190,0.6230776309967041,0.6850403547286987,1.0,0.66
135280,0.6230776309967041,0.6850403547286987,1.0,0.47
135370,0.6230776309967041,0.6850403547286987,1.0,0.50
135460,0.6230776309967041,0.6850403547286987,1.0,0.45
135550,0.6230776309967041,0.6850403547286987,1.0,0.51
135640,0.6230776309967041,0.6850403547286987,1.0,0.40
135730,0.6230776309967041,0.6850403547286987,1.0,0.59
135820,0.6230776309967041,0.6850403547286987,1.0,0.39
135910,0.6230776309967041,0.6850403547286987,1.0,0.39
136000,0.6230776309967041,0.6850403547286987,1.0,0.55
136090,0.6230776309967041,0.6850403547286987,1.0,0.48
136180,0.6230776309967041,0.6850403547286987,1.0,0.54
136270,0.6230776309967041,0.6850403547286987,1.0,0.49
136360,0.6230776309967041,0.6850403547286987,1.0,0.44
136450,0.6230776309967041,0.6850403547286987,1.0,0.49
136540,0.6230776309967041,0.6850403547286987,1.0,0.40
136630,0.6230776309967041,0.6850403547286987,1.0,0.47
136720,0.6230776309967041,0.6850403547286987,1.0,0.62
136810,0.6230776309967041,0.6850403547286987,1.0,0.52
136900,0.6230776309967041,0.6850403547286987,1.0,0.48
136990,0.6230776309967041,0.6850403547286987,1.0,0.51
137080,0.6230776309967041,0.6850403547286987,1.0,0.58
137170,0.6230776309967041,0.6850403547286987,1.0,0.47
137260,0.6230776309967041,0.6850403547286987,1.0,0.58
137350,0.6230776309967041,0.6850403547286987,1.0,0.47
137440,0.6230776309967041,0.6850403547286987,1.0,0.51
137530,0.6230776309967041,0.6850403547286987,1.0,0.48
137620,0.6230776309967041,0.6850403547286987,1.0,0.54
137710,0.6230776309967041,0.6850403547286987,1.0,0.41
137800,0.6230776309967041,0.6850403547286987,1.0,0.56
137890,0.6230776309967041,0.6850403547286987,1.0,0.56
137980,0.6230776309967041,0.6850403547286987,1.0,0.50
138070,0.6230776309967041,0.6850403547286987,1.0,0.59
138160,0.6230776309967041,0.6850403547286987,1.0,0.61
138250,0.6230776309967041,0.6850403547286987,1.0,0.51
138340,0.6230776309967041,0.6850403547286987,1.0,0.38
138430,0.6230776309967041,0.6850403547286987,1.0,0.46
138520,0.6230776309967041,0.6850403547286987,1.0,0.48
138610,0.6230776309967041,0.6850403547286987,1.0,0.45
138700,0.6230776309967041,0.6850403547286987,1.0,0.52
138790,0.6230776309967041,0.6850403547286987,1.0,0.58
138880,0.6230776309967041,0.6850403547286987,1.0,0.50
138970,0.6230776309967041,0.6850403547286987,1.0,0.55
139060,0.6230776309967041,0.6850403547286987,1.0,0.51
139150,0.6230776309967041,0.6850403547286987,1.0,0.44
139240,0.6230776309967041,0.6850403547286987,1.0,0.57
139330,0.6230776309967041,0.6850403547286987,1.0,0.53
139420,0.6230776309967041,0.6850403547286987,1.0,0.39
139510,0.6230776309967041,0.6850403547286987,1.0,0.46
139600,0.6230776309967041,0.6850403547286987,1.0,0.53
139690,0.6230776309967041,0.6850403547286987,1.0,0.57
139780,0.6230776309967041,0.6850403547286987,1.0,0.49
139870,0.6230776309967041,0.6850403547286987,1.0,0.56
139960,0.6230776309967041,0.6850403547286987,1.0,0.39
140050,0.6230776309967041,0.6850403547286987,1.0,0.57
140140,0.6230776309967041,0.6850403547286987,1.0,0.45
140230,0.6230776309967041,0.6850403547286987,1.0,0.55
140320,0.6230776309967041,0.6850403547286987,1.0,0.39
140410,0.6230776309967041,0.6850403547286987,1.0,0.52
140500,0.6230776309967041,0.6850403547286987,1.0,0.54
140590,0.6230776309967041,0.6850403547286987,1.0,0.41
140680,0.6230776309967041,0.6850403547286987,1.0,0.41
140770,0.6230776309967041,0.6850403547286987,1.0,0.51
140860,0.6230776309967041,0.6850403547286987,1.0,0.51
140950,0.6230776309967041,0.6850403547286987,1.0,0.45
141040,0.6230776309967041,0.6850403547286987,1.0,0.56
141130,0.6230776309967041,0.6850403547286987,1.0,0.50
141220,0.6230776309967041,0.6850403547286987,1.0,0.41
141310,0.6230776309967041,0.6850403547286987,1.0,0.53
141400,0.6230776309967041,0.6850403547286987,1.0,0.41
141490,0.6230776309967041,0.6850403547286987,1.0,0.43
141580,0.6230776309967041,0.6850403547286987,1.0,0.51
141670,0.6230776309967041,0.6850403547286987,1.0,0.37
141760,0.6230776309967041,0.6850403547286987,1.0,0.42
141850,0.6230776309967041,0.6850403547286987,1.0,0.39
141940,0.6230776309967041,0.6850403547286987,1.0,0.40
142030,0.6230776309967041,0.6850403547286987,1.0,0.44
142120,0.6230776309967041,0.6850403547286987,1.0,0.52
142210,0.6230776309967041,0.6850403547286987,1.0,0.50
142300,0.6230776309967041,0.6850403547286987,1.0,0.48
142390,0.6230776309967041,0.6850403547286987,1.0,0.56
142480,0.6230776309967041,0.6850403547286987,1.0,0.60
142570,0.6230776309967041,0.6850403547286987,1.0,0.40
142660,0.6230776309967041,0.6850403547286987,1.0,0.62
142750,0.6230776309967041,0.6850403547286987,1.0,0.47
142840,0.6230776309967041,0.6850403547286987,1.0,0.39
142930,0.6230776309967041,0.6850403547286987,1.0,0.48
143020,0.6230776309967041,0.6850403547286987,1.0,0.54
143110,0.6230776309967041,0.6850403547286987,1.0,0.38
143200,0.6230776309967041,0.6850403547286987,1.0,0.39
143290,0.6230776309967041,0.6850403547286987,1.0,0.55
143380,0.6230776309967041,0.6850403547286987,1.0,0.37
143470,0.6230776309967041,0.6850403547286987,1.0,0.53
143560,0.6230776309967041,0.6850403547286987,1.0,0.52
143650,0.6230776309967041,0.6850403547286987,1.0,0.44
143740,0.6230776309967041,0.6850403547286987,1.0,0.54
143830,0.6230776309967041,0.6850403547286987,1.0,0.50
143920,0.6230776309967041,0.6850403547286987,1.0,0.49
144010,0.6230776309967041,0.6850403547286987,1.0,0.58
144100,0.6230776309967041,0.6850403547286987,1.0,0.55
144190,0.6230776309967041,0.6850403547286987,1.0,0.58
144280,0.6230776309967041,0.6850403547286987,1.0,0.52
144370,0.6230776309967041,0.6850403547286987,1.0,0.55
144460,0.6230776309967041,0.6850403547286987,1.0,0.43
144550,0.6230776309967041,0.6850403547286987,1.0,0.39
144640,0.6230776309967041,0.6850403547286987,1.0,0.44
144730,0.6230776309967041,0.6850403547286987,1.0,0.61
144820,0.6230776309967041,0.6850403547286987,1.0,0.36
144910,0.6230776309967041,0.6850403547286987,1.0,0.50
145000,0.6230776309967041,0.6850403547286987,1.0,0.46
145090,0.6230776309967041,0.6850403547286987,1.0,0.42
145180,0.6230776309967041,0.6850403547286987,1.0,0.52
145270,0.6230776309967041,0.6850403547286987,1.0,0.39
145360,0.6230776309967041,0.6850403547286987,1.0,0.50
145450,0.6230776309967041,0.6850403547286987,1.0,0.44
145540,0.6230776309967041,0.6850403547286987,1.0,0.61
145630,0.6230776309967041,0.6850403547286987,1.0,0.58
145720,0.6230776309967041,0.6850403547286987,1.0,0.43
145810,0.6230776309967041,0.6850403547286987,1.0,0.43
145900,0.6230776309967041,0.6850403547286987,1.0,0.55
145990,0.6230776309967041,0.6850403547286987,1.0,0.48
146080,0.6230776309967041,0.6850403547286987,1.0,0.53
146170,0.6230776309967041,0.6850403547286987,1.0,0.56
146260,0.6230776309967041,0.6850403547286987,1.0,0.50
146350,0.6230776309967041,0.6850403547286987,1.0,0.40
146440,0.6230776309967041,0.6850403547286987,1.0,0.51
146530,0.6230776309967041,0.6850403547286987,1.0,0.47
146620,0.6230776309967041,0.6850403547286987,1.0,0.60
146710,0.6230776309967041,0.6850403547286987,1.0,0.41
146800,0.6230776309967041,0.6850403547286987,1.0,0.39
146890,0.6230776309967041,0.6850403547286987,1.0,0.62
146980,0.6230776309967041,0.6850403547286987,1.0,0.55
147070,0.6230776309967041,0.6850403547286987,1.0,0.46
147160,0.6230776309967041,0.6850403547286987,1.0,0.44
147250,0.6230776309967041,0.6850403547286987,1.0,0.45
147340,0.6230776309967041,0.6850403547286987,1.0,0.51
147430,0.6230776309967041,0.6850403547286987,1.0,0.54
147520,0.6230776309967041,0.6850403547286987,1.0,0.42
147610,0.6230776309967041,0.6850403547286987,1.0,0.51
147700,0.6230776309967041,0.6850403547286987,1.0,0.61
147790,0.6230776309967041,0.6850403547286987,1.0,0.58
147880,0.6230776309967041,0.6850403547286987,1.0,0.48
147970,0.6230776309967041,0.6850403547286987,1.0,0.48
148060,0.6230776309967041,0.6850403547286987,1.0,0.44
148150,0.6230776309967041,0.6850403547286987,1.0,0.45
148240,0.6230776309967041,0.6850403547286987,1.0,0.57
148330,0.6230776309967041,0.6850403547286987,1.0,0.40
148420,0.6230776309967041,0.6850403547286987,1.0,0.57
148510,0.6230776309967041,0.6850403547286987,1.0,0.47
148600,0.6230776309967041,0.6850403547286987,1.0,0.57
148690,0.6230776309967041,0.6850403547286987,1.0,0.69
148780,0.6230776309967041,0.6850403547286987,1.0,0.60
148870,0.6230776309967041,0.6850403547286987,1.0,0.51
148960,0.6230776309967041,0.6850403547286987,1.0,0.54
149050,0.6230776309967041,0.6850403547286987,1.0,0.41
149140,0.6230776309967041,0.6850403547286987,1.0,0.53
149230,0.6230776309967041,0.6850403547286987,1.0,0.44
149320,0.6230776309967041,0.6850403547286987,1.0,0.44
149410,0.6230776309967041,0.6850403547286987,1.0,0.45
149500,0.6230776309967041,0.6850403547286987,1.0,0.61
149590,0.6230776309967041,0.6850403547286987,1.0,0.55
149680,0.6230776309967041,0.6850403547286987,1.0,0.52
149770,0.6230776309967041,0.6850403547286987,1.0,0.43
149860,0.6230776309967041,0.6850403547286987,1.0,0.50
149950,0.6230776309967041,0.6850403547286987,1.0,0.51
150040,0.6230776309967041,0.6850403547286987,1.0,0.46
150130,0.6230776309967041,0.6850403547286987,1.0,0.44
150220,0.6230776309967041,0.6850403547286987,1.0,0.39
150310,0.6230776309967041,0.6850403547286987,1.0,0.55
150400,0.6230776309967041,0.6850403547286987,1.0,0.46
150490,0.6230776309967041,0.6850403547286987,1.0,0.58
150580,0.6230776309967041,0.6850403547286987,1.0,0.55
150670,0.6230776309967041,0.6850403547286987,1.0,0.49
150760,0.6230776309967041,0.6850403547286987,1.0,0.50
150850,0.6230776309967041,0.6850403547286987,1.0,0.57
150940,0.6230776309967041,0.6850403547286987,1.0,0.47
151030,0.6230776309967041,0.6850403547286987,1.0,0.43
151120,0.6230776309967041,0.6850403547286987,1.0,0.57
151210,0.6230776309967041,0.6850403547286987,1.0,0.49
151300,0.6230776309967041,0.6850403547286987,1.0,0.50
151390,0.6230776309967041,0.6850403547286987,1.0,0.48
151480,0.6230776309967041,0.6850403547286987,1.0,0.64
151570,0.6230776309967041,0.6850403547286987,1.0,0.56
151660,0.6230776309967041,0.6850403547286987,1.0,0.61
151750,0.6230776309967041,0.6850403547286987,1.0,0.42
151840,0.6230776309967041,0.6850403547286987,1.0,0.55
151930,0.6230776309967041,0.6850403547286987,1.0,0.48
152020,0.6230776309967041,0.6850403547286987,1.0,0.44
152110,0.6230776309967041,0.6850403547286987,1.0,0.54
152200,0.6230776309967041,0.6850403547286987,1.0,0.58
152290,0.6230776309967041,0.6850403547286987,1.0,0.55
152380,0.6230776309967041,0.6850403547286987,1.0,0.50
152470,0.6230776309967041,0.6850403547286987,1.0,0.45
152560,0.6230776309967041,0.6850403547286987,1.0,0.56
152650,0.6230776309967041,0.6850403547286987,1.0,0.45
152740,0.6230776309967041,0.6850403547286987,1.0,0.52
152830,0.6230776309967041,0.6850403547286987,1.0,0.55
152920,0.6230776309967041,0.6850403547286987,1.0,0.51
153010,0.6230776309967041,0.6850403547286987,1.0,0.52
153100,0.6230776309967041,0.6850403547286987,1.0,0.48
153190,0.6230776309967041,0.6850403547286987,1.0,0.52
153280,0.6230776309967041,0.6850403547286987,1.0,0.49
153370,0.6230776309967041,0.6850403547286987,1.0,0.46
153460,0.6230776309967041,0.6850403547286987,1.0,0.52
153550,0.6230776309967041,0.6850403547286987,1.0,0.59
153640,0.6230776309967041,0.6850403547286987,1.0,0.53
153730,0.6230776309967041,0.6850403547286987,1.0,0.48
153820,0.6230776309967041,0.6850403547286987,1.0,0.39
153910,0.6230776309967041,0.6850403547286987,1.0,0.46
154000,0.6230776309967041,0.6850403547286987,1.0,0.38
154090,0.6230776309967041,0.6850403547286987,1.0,0.40
154180,0.6230776309967041,0.6850403547286987,1.0,0.45
154270,0.6230776309967041,0.6850403547286987,1.0,0.44
154360,0.6230776309967041,0.6850403547286987,1.0,0.55
154450,0.6230776309967041,0.6850403547286987,1.0,0.38
154540,0.6230776309967041,0.6850403547286987,1.0,0.49
154630,0.6230776309967041,0.6850403547286987,1.0,0.58
154720,0.6230776309967041,0.6850403547286987,1.0,0.40
154810,0.6230776309967041,0.6850403547286987,1.0,0.51
154900,0.6230776309967041,0.6850403547286987,1.0,0.58
154990,0.6230776309967041,0.6850403547286987,1.0,0.59
155080,0.6230776309967041,0.6850403547286987,1.0,0.57
155170,0.6230776309967041,0.6850403547286987,1.0,0.48
155260,0.6230776309967041,0.6850403547286987,1.0,0.39
155350,0.6230776309967041,0.6850403547286987,1.0,0.50
155440,0.6230776309967041,0.6850403547286987,1.0,0.55
155530,0.6230776309967041,0.6850403547286987,1.0,0.52
155620,0.6230776309967041,0.6850403547286987,1.0,0.54
155710,0.6230776309967041,0.6850403547286987,1.0,0.52
155800,0.6230776309967041,0.6850403547286987,1.0,0.50
155890,0.6230776309967041,0.6850403547286987,1.0,0.59
155980,0.6230776309967041,0.6850403547286987,1.0,0.47
156070,0.6230776309967041,0.6850403547286987,1.0,0.52
156160,0.6230776309967041,0.6850403547286987,1.0,0.56
156250,0.6230776309967041,0.6850403547286987,1.0,0.39
156340,0.6230776309967041,0.6850403547286987,1.0,0.39
156430,0.6230776309967041,0.6850403547286987,1.0,0.50
156520,0.6230776309967041,0.6850403547286987,1.0,0.59
156610,0.6230776309967041,0.6850403547286987,1.0,0.56
156700,0.6230776309967041,0.6850403547286987,1.0,0.51
156790,0.6230776309967041,0.6850403547286987,1.0,0.50
156880,0.6230776309967041,0.6850403547286987,1.0,0.58
156970,0.6230776309967041,0.6850403547286987,1.0,0.57
157060,0.6230776309967041,0.6850403547286987,1.0,0.58
157150,0.6230776309967041,0.6850403547286987,1.0,0.51
157240,0.6230776309967041,0.6850403547286987,1.0,0.56
157330,0.6230776309967041,0.6850403547286987,1.0,0.41
157420,0.6230776309967041,0.6850403547286987,1.0,0.53
157510,0.6230776309967041,0.6850403547286987,1.0,0.41
157600,0.6230776309967041,0.6850403547286987,1.0,0.56
157690,0.6230776309967041,0.6850403547286987,1.0,0.57
157780,0.6230776309967041,0.6850403547286987,1.0,0.56
157870,0.6230776309967041,0.6850403547286987,1.0,0.52
157960,0.6230776309967041,0.6850403547286987,1.0,0.44
158050,0.6230776309967041,0.6850403547286987,1.0,0.42
158140,0.6230776309967041,0.6850403547286987,1.0,0.37
158230,0.6230776309967041,0.6850403547286987,1.0,0.38
158320,0.6230776309967041,0.6850403547286987,1.0,0.59
158410,0.6230776309967041,0.6850403547286987,1.0,0.53
158500,0.6230776309967041,0.6850403547286987,1.0,0.44
158590,0.6230776309967041,0.6850403547286987,1.0,0.49
158680,0.6230776309967041,0.6850403547286987,1.0,0.45
158770,0.6230776309967041,0.6850403547286987,1.0,0.42
158860,0.6230776309967041,0.6850403547286987,1.0,0.60
158950,0.6230776309967041,0.6850403547286987,1.0,0.40
159040,0.6230776309967041,0.6850403547286987,1.0,0.59
159130,0.6230776309967041,0.6850403547286987,1.0,0.44
159220,0.6230776309967041,0.6850403547286987,1.0,0.47
159310,0.6230776309967041,0.6850403547286987,1.0,0.45
159400,0.6230776309967041,0.6850403547286987,1.0,0.45
159490,0.6230776309967041,0.6850403547286987,1.0,0.58
159580,0.6230776309967041,0.6850403547286987,1.0,0.60
159670,0.6230776309967041,0.6850403547286987,1.0,0.57
159760,0.6230776309967041,0.6850403547286987,1.0,0.39
159850,0.6230776309967041,0.6850403547286987,1.0,0.50
159940,0.6230776309967041,0.6850403547286987,1.0,0.44
160030,0.6230776309967041,0.6850403547286987,1.0,0.52
160120,0.6230776309967041,0.6850403547286987,1.0,0.51
160210,0.6230776309967041,0.6850403547286987,1.0,0.58
160300,0.6230776309967041,0.6850403547286987,1.0,0.49
160390,0.6230776309967041,0.6850403547286987,1.0,0.53
160480,0.6230776309967041,0.6850403547286987,1.0,0.53
160570,0.6230776309967041,0.6850403547286987,1.0,0.44
160660,0.6230776309967041,0.6850403547286987,1.0,0.53
160750,0.6230776309967041,0.6850403547286987,1.0,0.55
160840,0.6230776309967041,0.6850403547286987,1.0,0.42
160930,0.6230776309967041,0.6850403547286987,1.0,0.49
161020,0.6230776309967041,0.6850403547286987,1.0,0.51
161110,0.6230776309967041,0.6850403547286987,1.0,0.50
161200,0.6230776309967041,0.6850403547286987,1.0,0.40
161290,0.6230776309967041,0.6850403547286987,1.0,0.55
161380,0.6230776309967041,0.6850403547286987,1.0,0.63
161470,0.6230776309967041,0.6850403547286987,1.0,0.57
161560,0.6230776309967041,0.6850403547286987,1.0,0.58
161650,0.6230776309967041,0.6850403547286987,1.0,0.54
161740,0.6230776309967041,0.6850403547286987,1.0,0.43
161830,0.6230776309967041,0.6850403547286987,1.0,0.37
161920,0.6230776309967041,0.6850403547286987,1.0,0.54
162010,0.6230776309967041,0.6850403547286987,1.0,0.61
162100,0.6230776309967041,0.6850403547286987,1.0,0.46
162190,0.6230776309967041,0.6850403547286987,1.0,0.55
162280,0.6230776309967041,0.6850403547286987,1.0,0.44
162370,0.6230776309967041,0.6850403547286987,1.0,0.55
162460,0.6230776309967041,0.6850403547286987,1.0,0.48
162550,0.6230776309967041,0.6850403547286987,1.0,0.54
162640,0.6230776309967041,0.6850403547286987,1.0,0.46
162730,0.6230776309967041,0.6850403547286987,1.0,0.46
162820,0.6230776309967041,0.6850403547286987,1.0,0.44
162910,0.6230776309967041,0.6850403547286987,1.0,0.39
163000,0.6230776309967041,0.6850403547286987,1.0,0.59
163090,0.6230776309967041,0.6850403547286987,1.0,0.44
163180,0.6230776309967041,0.6850403547286987,1.0,0.54
163270,0.6230776309967041,0.6850403547286987,1.0,0.45
163360,0.6230776309967041,0.6850403547286987,1.0,0.49
163450,0.6230776309967041,0.6850403547286987,1.0,0.46
163540,0.6230776309967041,0.6850403547286987,1.0,0.50
163630,0.6230776309967041,0.6850403547286987,1.0,0.59
163720,0.6230776309967041,0.6850403547286987,1.0,0.50
163810,0.6230776309967041,0.6850403547286987,1.0,0.53
163900,0.6230776309967041,0.6850403547286987,1.0,0.49
163990,0.6230776309967041,0.6850403547286987,1.0,0.59
164080,0.6230776309967041,0.6850403547286987,1.0,0.36
164170,0.6230776309967041,0.6850403547286987,1.0,0.50
164260,0.6230776309967041,0.6850403547286987,1.0,0.51
164350,0.6230776309967041,0.6850403547286987,1.0,0.50
164440,0.6230776309967041,0.6850403547286987,1.0,0.46
164530,0.6230776309967041,0.6850403547286987,1.0,0.52
164620,0.6230776309967041,0.6850403547286987,1.0,0.46
164710,0.6230776309967041,0.6850403547286987,1.0,0.59
164800,0.6230776309967041,0.6850403547286987,1.0,0.51
164890,0.6230776309967041,0.6850403547286987,1.0,0.41
164980,0.6230776309967041,0.6850403547286987,1.0,0.60
165070,0.6230776309967041,0.6850403547286987,1.0,0.46
165160,0.6230776309967041,0.6850403547286987,1.0,0.40
165250,0.6230776309967041,0.6850403547286987,1.0,0.52
165340,0.6230776309967041,0.6850403547286987,1.0,0.47
165430,0.6230776309967041,0.6850403547286987,1.0,0.56
165520,0.6230776309967041,0.6850403547286987,1.0,0.48
165610,0.6230776309967041,0.6850403547286987,1.0,0.53
165700,0.6230776309967041,0.6850403547286987,1.0,0.53
165790,0.6230776309967041,0.6850403547286987,1.0,0.36
165880,0.6230776309967041,0.6850403547286987,1.0,0.52
165970,0.6230776309967041,0.6850403547286987,1.0,0.51
166060,0.6230776309967041,0.6850403547286987,1.0,0.54
166150,0.6230776309967041,0.6850403547286987,1.0,0.61
166240,0.6230776309967041,0.6850403547286987,1.0,0.41
166330,0.6230776309967041,0.6850403547286987,1.0,0.45
166420,0.6230776309967041,0.6850403547286987,1.0,0.46
166510,0.6230776309967041,0.6850403547286987,1.0,0.46
166600,0.6230776309967041,0.6850403547286987,1.0,0.51
166690,0.6230776309967041,0.6850403547286987,1.0,0.62
166780,0.6230776309967041,0.6850403547286987,1.0,0.53
166870,0.6230776309967041,0.6850403547286987,1.0,0.54
166960,0.6230776309967041,0.6850403547286987,1.0,0.51
167050,0.6230776309967041,0.6850403547286987,1.0,0.48
167140,0.6230776309967041,0.6850403547286987,1.0,0.58
167230,0.6230776309967041,0.6850403547286987,1.0,0.48
167320,0.6230776309967041,0.6850403547286987,1.0,0.41
167410,0.6230776309967041,0.6850403547286987,1.0,0.48
167500,0.6230776309967041,0.6850403547286987,1.0,0.58
167590,0.6230776309967041,0.6850403547286987,1.0,0.50
167680,0.6230776309967041,0.6850403547286987,1.0,0.54
167770,0.6230776309967041,0.6850403547286987,1.0,0.42
167860,0.6230776309967041,0.6850403547286987,1.0,0.36
167950,0.6230776309967041,0.6850403547286987,1.0,0.45
168040,0.6230776309967041,0.6850403547286987,1.0,0.42
168130,0.6230776309967041,0.6850403547286987,1.0,0.57
168220,0.6230776309967041,0.6850403547286987,1.0,0.47
168310,0.6230776309967041,0.6850403547286987,1.0,0.47
168400,0.6230776309967041,0.6850403547286987,1.0,0.57
168490,0.6230776309967041,0.6850403547286987,1.0,0.40
168580,0.6230776309967041,0.6850403547286987,1.0,0.50
168670,0.6230776309967041,0.6850403547286987,1.0,0.46
168760,0.6230776309967041,0.6850403547286987,1.0,0.39
168850,0.6230776309967041,0.6850403547286987,1.0,0.53
168940,0.6230776309967041,0.6850403547286987,1.0,0.60
169030,0.6230776309967041,0.6850403547286987,1.0,0.45
169120,0.6230776309967041,0.6850403547286987,1.0,0.41
169210,0.6230776309967041,0.6850403547286987,1.0,0.38
169300,0.6230776309967041,0.6850403547286987,1.0,0.58
169390,0.6230776309967041,0.6850403547286987,1.0,0.48
169480,0.6230776309967041,0.6850403547286987,1.0,0.54
169570,0.6230776309967041,0.6850403547286987,1.0,0.56
169660,0.6230776309967041,0.6850403547286987,1.0,0.38
169750,0.6230776309967041,0.6850403547286987,1.0,0.36
169840,0.6230776309967041,0.6850403547286987,1.0,0.56
169930,0.6230776309967041,0.6850403547286987,1.0,0.48
170020,0.6230776309967041,0.6850403547286987,1.0,0.60
170110,0.6230776309967041,0.6850403547286987,1.0,0.61
170200,0.6230776309967041,0.6850403547286987,1.0,0.39
170290,0.6230776309967041,0.6850403547286987,1.0,0.49
170380,0.6230776309967041,0.6850403547286987,1.0,0.48
170470,0.6230776309967041,0.6850403547286987,1.0,0.58
170560,0.6230776309967041,0.6850403547286987,1.0,0.52
170650,0.6230776309967041,0.6850403547286987,1.0,0.57
170740,0.6230776309967041,0.6850403547286987,1.0,0.41
170830,0.6230776309967041,0.6850403547286987,1.0,0.58
170920,0.6230776309967041,0.6850403547286987,1.0,0.51
171010,0.6230776309967041,0.6850403547286987,1.0,0.53
171100,0.6230776309967041,0.6850403547286987,1.0,0.37
171190,0.6230776309967041,0.6850403547286987,1.0,0.49
171280,0.6230776309967041,0.6850403547286987,1.0,0.57
171370,0.6230776309967041,0.6850403547286987,1.0,0.39
171460,0.6230776309967041,0.6850403547286987,1.0,0.47
171550,0.6230776309967041,0.6850403547286987,1.0,0.43
171640,0.6230776309967041,0.6850403547286987,1.0,0.49
171730,0.6230776309967041,0.6850403547286987,1.0,0.57
171820,0.6230776309967041,0.6850403547286987,1.0,0.47
171910,0.6230776309967041,0.6850403547286987,1.0,0.45
172000,0.6230776309967041,0.6850403547286987,1.0,0.51
172090,0.6230776309967041,0.6850403547286987,1.0,0.56
172180,0.6230776309967041,0.6850403547286987,1.0,0.57
172270,0.6230776309967041,0.6850403547286987,1.0,0.46
172360,0.6230776309967041,0.6850403547286987,1.0,0.46
172450,0.6230776309967041,0.6850403547286987,1.0,0.43
172540,0.6230776309967041,0.6850403547286987,1.0,0.51
172630,0.6230776309967041,0.6850403547286987,1.0,0.55
172720,0.6230776309967041,0.6850403547286987,1.0,0.52
172810,0.6230776309967041,0.6850403547286987,1.0,0.53
172900,0.6230776309967041,0.6850403547286987,1.0,0.49
172990,0.6230776309967041,0.6850403547286987,1.0,0.59
173080,0.6230776309967041,0.6850403547286987,1.0,0.53
173170,0.6230776309967041,0.6850403547286987,1.0,0.60
173260,0.6230776309967041,0.6850403547286987,1.0,0.54
173350,0.6230776309967041,0.6850403547286987,1.0,0.63
173440,0.6230776309967041,0.6850403547286987,1.0,0.51
173530,0.6230776309967041,0.6850403547286987,1.0,0.52
173620,0.6230776309967041,0.6850403547286987,1.0,0.48
173710,0.6230776309967041,0.6850403547286987,1.0,0.57
173800,0.6230776309967041,0.6850403547286987,1.0,0.38
173890,0.6230776309967041,0.6850403547286987,1.0,0.59
173980,0.6230776309967041,0.6850403547286987,1.0,0.59
174070,0.6230776309967041,0.6850403547286987,1.0,0.46
174160,0.6230776309967041,0.6850403547286987,1.0,0.41
174250,0.6230776309967041,0.6850403547286987,1.0,0.49
174340,0.6230776309967041,0.6850403547286987,1.0,0.48
174430,0.6230776309967041,0.6850403547286987,1.0,0.46
174520,0.6230776309967041,0.6850403547286987,1.0,0.45
174610,0.6230776309967041,0.6850403547286987,1.0,0.38
174700,0.6230776309967041,0.6850403547286987,1.0,0.53
174790,0.6230776309967041,0.6850403547286987,1.0,0.52
174880,0.6230776309967041,0.6850403547286987,1.0,0.42
174970,0.6230776309967041,0.6850403547286987,1.0,0.37
175060,0.6230776309967041,0.6850403547286987,1.0,0.62
175150,0.6230776309967041,0.6850403547286987,1.0,0.49
175240,0.6230776309967041,0.6850403547286987,1.0,0.49
175330,0.6230776309967041,0.6850403547286987,1.0,0.55
175420,0.6230776309967041,0.6850403547286987,1.0,0.38
175510,0.6230776309967041,0.6850403547286987,1.0,0.37
175600,0.6230776309967041,0.6850403547286987,1.0,0.40
175690,0.6230776309967041,0.6850403547286987,1.0,0.74
175780,0.6230776309967041,0.6850403547286987,1.0,0.56
175870,0.6230776309967041,0.6850403547286987,1.0,0.53
175960,0.6230776309967041,0.6850403547286987,1.0,0.58
176050,0.6230776309967041,0.6850403547286987,1.0,0.47
176140,0.6230776309967041,0.6850403547286987,1.0,0.47
176230,0.6230776309967041,0.6850403547286987,1.0,0.51
176320,0.6230776309967041,0.6850403547286987,1.0,0.37
176410,0.6230776309967041,0.6850403547286987,1.0,0.61
176500,0.6230776309967041,0.6850403547286987,1.0,0.50
176590,0.6230776309967041,0.6850403547286987,1.0,0.45
176680,0.6230776309967041,0.6850403547286987,1.0,0.53
176770,0.6230776309967041,0.6850403547286987,1.0,0.46
176860,0.6230776309967041,0.6850403547286987,1.0,0.55
176950,0.6230776309967041,0.6850403547286987,1.0,0.46
177040,0.6230776309967041,0.6850403547286987,1.0,0.45
177130,0.6230776309967041,0.6850403547286987,1.0,0.62
177220,0.6230776309967041,0.6850403547286987,1.0,0.40
177310,0.6230776309967041,0.6850403547286987,1.0,0.57
177400,0.6230776309967041,0.6850403547286987,1.0,0.61
177490,0.6230776309967041,0.6850403547286987,1.0,0.39
177580,0.6230776309967041,0.6850403547286987,1.0,0.46
177670,0.6230776309967041,0.6850403547286987,1.0,0.56
177760,0.6230776309967041,0.6850403547286987,1.0,0.55
177850,0.6230776309967041,0.6850403547286987,1.0,0.57
177940,0.6230776309967041,0.6850403547286987,1.0,0.48
178030,0.6230776309967041,0.6850403547286987,1.0,0.42
178120,0.6230776309967041,0.6850403547286987,1.0,0.39
178210,0.6230776309967041,0.6850403547286987,1.0,0.52
178300,0.6230776309967041,0.6850403547286987,1.0,0.37
178390,0.6230776309967041,0.6850403547286987,1.0,0.53
178480,0.6230776309967041,0.6850403547286987,1.0,0.53
178570,0.6230776309967041,0.6850403547286987,1.0,0.45
178660,0.6230776309967041,0.6850403547286987,1.0,0.40
178750,0.6230776309967041,0.6850403547286987,1.0,0.53
178840,0.6230776309967041,0.6850403547286987,1.0,0.55
178930,0.6230776309967041,0.6850403547286987,1.0,0.44
179020,0.6230776309967041,0.6850403547286987,1.0,0.49
179110,0.6230776309967041,0.6850403547286987,1.0,0.54
179200,0.6230776309967041,0.6850403547286987,1.0,0.37
179290,0.6230776309967041,0.6850403547286987,1.0,0.41
179380,0.6230776309967041,0.6850403547286987,1.0,0.47
179470,0.6230776309967041,0.6850403547286987,1.0,0.60
179560,0.6230776309967041,0.6850403547286987,1.0,0.53
179650,0.6230776309967041,0.6850403547286987,1.0,0.39
179740,0.6230776309967041,0.6850403547286987,1.0,0.53
179830,0.6230776309967041,0.6850403547286987,1.0,0.54
179920,0.6230776309967041,0.6850403547286987,1.0,0.45
180010,0.6230776309967041,0.6850403547286987,1.0,0.48
180100,0.6230776309967041,0.6850403547286987,1.0,0.40
180190,0.6230776309967041,0.6850403547286987,1.0,0.63
180280,0.6230776309967041,0.6850403547286987,1.0,0.53
180370,0.6230776309967041,0.6850403547286987,1.0,0.46
180460,0.6230776309967041,0.6850403547286987,1.0,0.57
180550,0.6230776309967041,0.6850403547286987,1.0,0.58
180640,0.6230776309967041,0.6850403547286987,1.0,0.53
180730,0.6230776309967041,0.6850403547286987,1.0,0.53
180820,0.6230776309967041,0.6850403547286987,1.0,0.38
180910,0.6230776309967041,0.6850403547286987,1.0,0.37
181000,0.6230776309967041,0.6850403547286987,1.0,0.38
181090,0.6230776309967041,0.6850403547286987,1.0,0.45
181180,0.6230776309967041,0.6850403547286987,1.0,0.60
181270,0.6230776309967041,0.6850403547286987,1.0,0.57
181360,0.6230776309967041,0.6850403547286987,1.0,0.45
181450,0.6230776309967041,0.6850403547286987,1.0,0.59
181540,0.6230776309967041,0.6850403547286987,1.0,0.54
181630,0.6230776309967041,0.6850403547286987,1.0,0.57
181720,0.6230776309967041,0.6850403547286987,1.0,0.56
181810,0.6230776309967041,0.6850403547286987,1.0,0.38
181900,0.6230776309967041,0.6850403547286987,1.0,0.46
181990,0.6230776309967041,0.6850403547286987,1.0,0.47
182080,0.6230776309967041,0.6850403547286987,1.0,0.61
182170,0.6230776309967041,0.6850403547286987,1.0,0.43
182260,0.6230776309967041,0.6850403547286987,1.0,0.54
182350,0.6230776309967041,0.6850403547286987,1.0,0.42
182440,0.6230776309967041,0.6850403547286987,1.0,0.53
182530,0.6230776309967041,0.6850403547286987,1.0,0.46
182620,0.6230776309967041,0.6850403547286987,1.0,0.57
182710,0.6230776309967041,0.6850403547286987,1.0,0.53
182800,0.6230776309967041,0.6850403547286987,1.0,0.49
182890,0.6230776309967041,0.6850403547286987,1.0,0.53
182980,0.6230776309967041,0.6850403547286987,1.0,0.55
183070,0.6230776309967041,0.6850403547286987,1.0,0.54
183160,0.6230776309967041,0.6850403547286987,1.0,0.46
183250,0.6230776309967041,0.6850403547286987,1.0,0.53
183340,0.6230776309967041,0.6850403547286987,1.0,0.55
183430,0.6230776309967041,0.6850403547286987,1.0,0.52
183520,0.6230776309967041,0.6850403547286987,1.0,0.40
183610,0.6230776309967041,0.6850403547286987,1.0,0.46
183700,0.6230776309967041,0.6850403547286987,1.0,0.55
183790,0.6230776309967041,0.6850403547286987,1.0,0.54
183880,0.6230776309967041,0.6850403547286987,1.0,0.61
183970,0.6230776309967041,0.6850403547286987,1.0,0.44
184060,0.6230776309967041,0.6850403547286987,1.0,0.54
184150,0.6230776309967041,0.6850403547286987,1.0,0.40
184240,0.6230776309967041,0.6850403547286987,1.0,0.51
184330,0.6230776309967041,0.6850403547286987,1.0,0.50
184420,0.6230776309967041,0.6850403547286987,1.0,0.38
184510,0.6230776309967041,0.6850403547286987,1.0,0.50
184600,0.6230776309967041,0.6850403547286987,1.0,0.58
184690,0.6230776309967041,0.6850403547286987,1.0,0.75
184780,0.6230776309967041,0.6850403547286987,1.0,0.38
184870,0.6230776309967041,0.6850403547286987,1.0,0.57
184960,0.6230776309967041,0.6850403547286987,1.0,0.48
185050,0.6230776309967041,0.6850403547286987,1.0,0.46
185140,0.6230776309967041,0.6850403547286987,1.0,0.49
185230,0.6230776309967041,0.6850403547286987,1.0,0.53
185320,0.6230776309967041,0.6850403547286987,1.0,0.47
185410,0.6230776309967041,0.6850403547286987,1.0,0.53
185500,0.6230776309967041,0.6850403547286987,1.0,0.39
185590,0.6230776309967041,0.6850403547286987,1.0,0.50
185680,0.6230776309967041,0.6850403547286987,1.0,0.41
185770,0.6230776309967041,0.6850403547286987,1.0,0.51
185860,0.6230776309967041,0.6850403547286987,1.0,0.57
185950,0.6230776309967041,0.6850403547286987,1.0,0.60
186040,0.6230776309967041,0.6850403547286987,1.0,0.45
186130,0.6230776309967041,0.6850403547286987,1.0,0.55
186220,0.6230776309967041,0.6850403547286987,1.0,0.47
186310,0.6230776309967041,0.6850403547286987,1.0,0.50
186400,0.6230776309967041,0.6850403547286987,1.0,0.53
186490,0.6230776309967041,0.6850403547286987,1.0,0.54
186580,0.6230776309967041,0.6850403547286987,1.0,0.50
186670,0.6230776309967041,0.6850403547286987,1.0,0.51
186760,0.6230776309967041,0.6850403547286987,1.0,0.38
186850,0.6230776309967041,0.6850403547286987,1.0,0.61
186940,0.6230776309967041,0.6850403547286987,1.0,0.61
187030,0.6230776309967041,0.6850403547286987,1.0,0.46
187120,0.6230776309967041,0.6850403547286987,1.0,0.59
187210,0.6230776309967041,0.6850403547286987,1.0,0.54
187300,0.6230776309967041,0.6850403547286987,1.0,0.42
187390,0.6230776309967041,0.6850403547286987,1.0,0.53
187480,0.6230776309967041,0.6850403547286987,1.0,0.49
187570,0.6230776309967041,0.6850403547286987,1.0,0.61
187660,0.6230776309967041,0.6850403547286987,1.0,0.51
187750,0.6230776309967041,0.6850403547286987,1.0,0.55
187840,0.6230776309967041,0.6850403547286987,1.0,0.40
187930,0.6230776309967041,0.6850403547286987,1.0,0.45
188020,0.6230776309967041,0.6850403547286987,1.0,0.57
188110,0.6230776309967041,0.6850403547286987,1.0,0.43
188200,0.6230776309967041,0.6850403547286987,1.0,0.52
188290,0.6230776309967041,0.6850403547286987,1.0,0.42
188380,0.6230776309967041,0.6850403547286987,1.0,0.43
188470,0.6230776309967041,0.6850403547286987,1.0,0.50
188560,0.6230776309967041,0.6850403547286987,1.0,0.51
188650,0.6230776309967041,0.6850403547286987,1.0,0.45
188740,0.6230776309967041,0.6850403547286987,1.0,0.57
188830,0.6230776309967041,0.6850403547286987,1.0,0.43
188920,0.6230776309967041,0.6850403547286987,1.0,0.38
189010,0.6230776309967041,0.6850403547286987,1.0,0.57
189100,0.6230776309967041,0.6850403547286987,1.0,0.58
189190,0.6230776309967041,0.6850403547286987,1.0,0.70
189280,0.6230776309967041,0.6850403547286987,1.0,0.40
189370,0.6230776309967041,0.6850403547286987,1.0,0.40
189460,0.6230776309967041,0.6850403547286987,1.0,0.48
189550,0.6230776309967041,0.6850403547286987,1.0,0.50
189640,0.6230776309967041,0.6850403547286987,1.0,0.48
189730,0.6230776309967041,0.6850403547286987,1.0,0.45
189820,0.6230776309967041,0.6850403547286987,1.0,0.59
189910,0.6230776309967041,0.6850403547286987,1.0,0.52
190000,0.6230776309967041,0.6850403547286987,1.0,0.46
190090,0.6230776309967041,0.6850403547286987,1.0,0.45
190180,0.6230776309967041,0.6850403547286987,1.0,0.46
190270,0.6230776309967041,0.6850403547286987,1.0,0.37
190360,0.6230776309967041,0.6850403547286987,1.0,0.39
190450,0.6230776309967041,0.6850403547286987,1.0,0.52
190540,0.6230776309967041,0.6850403547286987,1.0,0.61
190630,0.6230776309967041,0.6850403547286987,1.0,0.60
190720,0.6230776309967041,0.6850403547286987,1.0,0.44
190810,0.6230776309967041,0.6850403547286987,1.0,0.37
190900,0.6230776309967041,0.6850403547286987,1.0,0.55
190990,0.6230776309967041,0.6850403547286987,1.0,0.50
191080,0.6230776309967041,0.6850403547286987,1.0,0.44
191170,0.6230776309967041,0.6850403547286987,1.0,0.46
191260,0.6230776309967041,0.6850403547286987,1.0,0.41
191350,0.6230776309967041,0.6850403547286987,1.0,0.46
191440,0.6230776309967041,0.6850403547286987,1.0,0.45
191530,0.6230776309967041,0.6850403547286987,1.0,0.40
191620,0.6230776309967041,0.6850403547286987,1.0,0.54
191710,0.6230776309967041,0.6850403547286987,1.0,0.38
191800,0.6230776309967041,0.6850403547286987,1.0,0.45
191890,0.6230776309967041,0.6850403547286987,1.0,0.48
191980,0.6230776309967041,0.6850403547286987,1.0,0.58
192070,0.6230776309967041,0.6850403547286987,1.0,0.44
192160,0.6230776309967041,0.6850403547286987,1.0,0.55
192250,0.6230776309967041,0.6850403547286987,1.0,0.48
192340,0.6230776309967041,0.6850403547286987,1.0,0.46
192430,0.6230776309967041,0.6850403547286987,1.0,0.51
192520,0.6230776309967041,0.6850403547286987,1.0,0.40
192610,0.6230776309967041,0.6850403547286987,1.0,0.43
192700,0.6230776309967041,0.6850403547286987,1.0,0.62
192790,0.6230776309967041,0.6850403547286987,1.0,0.45
192880,0.6230776309967041,0.6850403547286987,1.0,0.61
192970,0.6230776309967041,0.6850403547286987,1.0,0.53
193060,0.6230776309967041,0.6850403547286987,1.0,0.51
193150,0.6230776309967041,0.6850403547286987,1.0,0.49
193240,0.6230776309967041,0.6850403547286987,1.0,0.50
193330,0.6230776309967041,0.6850403547286987,1.0,0.42
193420,0.6230776309967041,0.6850403547286987,1.0,0.60
193510,0.6230776309967041,0.6850403547286987,1.0,0.49
193600,0.6230776309967041,0.6850403547286987,1.0,0.49
193690,0.6230776309967041,0.6850403547286987,1.0,0.53
193780,0.6230776309967041,0.6850403547286987,1.0,0.42
193870,0.6230776309967041,0.6850403547286987,1.0,0.41
193960,0.6230776309967041,0.6850403547286987,1.0,0.48
194050,0.6230776309967041,0.6850403547286987,1.0,0.54
194140,0.6230776309967041,0.6850403547286987,1.0,0.43
194230,0.6230776309967041,0.6850403547286987,1.0,0.49
194320,0.6230776309967041,0.6850403547286987,1.0,0.46
194410,0.6230776309967041,0.6850403547286987,1.0,0.46
194500,0.6230776309967041,0.6850403547286987,1.0,0.52
194590,0.6230776309967041,0.6850403547286987,1.0,0.40
194680,0.6230776309967041,0.6850403547286987,1.0,0.45
194770,0.6230776309967041,0.6850403547286987,1.0,0.62
194860,0.6230776309967041,0.6850403547286987,1.0,0.53
194950,0.6230776309967041,0.6850403547286987,1.0,0.55
195040,0.6230776309967041,0.6850403547286987,1.0,0.48
195130,0.6230776309967041,0.6850403547286987,1.0,0.60
195220,0.6230776309967041,0.6850403547286987,1.0,0.51
195310,0.6230776309967041,0.6850403547286987,1.0,0.63
195400,0.6230776309967041,0.6850403547286987,1.0,0.52
195490,0.6230776309967041,0.6850403547286987,1.0,0.59
195580,0.6230776309967041,0.6850403547286987,1.0,0.49
195670,0.6230776309967041,0.6850403547286987,1.0,0.53
195760,0.6230776309967041,0.6850403547286987,1.0,0.43
195850,0.6230776309967041,0.6850403547286987,1.0,0.60
195940,0.6230776309967041,0.6850403547286987,1.0,0.46
196030,0.6230776309967041,0.6850403547286987,1.0,0.39
196120,0.6230776309967041,0.6850403547286987,1.0,0.45
196210,0.6230776309967041,0.6850403547286987,1.0,0.55
196300,0.6230776309967041,0.6850403547286987,1.0,0.49
196390,0.6230776309967041,0.6850403547286987,1.0,0.37
196480,0.6230776309967041,0.6850403547286987,1.0,0.59
196570,0.6230776309967041,0.6850403547286987,1.0,0.56
196660,0.6230776309967041,0.6850403547286987,1.0,0.53
196750,0.6230776309967041,0.6850403547286987,1.0,0.59
196840,0.6230776309967041,0.6850403547286987,1.0,0.53
196930,0.6230776309967041,0.6850403547286987,1.0,0.50
197020,0.6230776309967041,0.6850403547286987,1.0,0.42
197110,0.6230776309967041,0.6850403547286987,1.0,0.46
197200,0.6230776309967041,0.6850403547286987,1.0,0.39
197290,0.6230776309967041,0.6850403547286987,1.0,0.48
197380,0.6230776309967041,0.6850403547286987,1.0,0.57
197470,0.6230776309967041,0.6850403547286987,1.0,0.41
197560,0.6230776309967041,0.6850403547286987,1.0,0.43
197650,0.6230776309967041,0.6850403547286987,1.0,0.59
197740,0.6230776309967041,0.6850403547286987,1.0,0.50
197830,0.6230776309967041,0.6850403547286987,1.0,0.44
197920,0.6230776309967041,0.6850403547286987,1.0,0.51
198010,0.6230776309967041,0.6850403547286987,1.0,0.60
198100,0.6230776309967041,0.6850403547286987,1.0,0.47
198190,0.6230776309967041,0.6850403547286987,1.0,0.49
198280,0.6230776309967041,0.6850403547286987,1.0,0.58
198370,0.6230776309967041,0.6850403547286987,1.0,0.56
198460,0.6230776309967041,0.6850403547286987,1.0,0.54
198550,0.6230776309967041,0.6850403547286987,1.0,0.59
198640,0.6230776309967041,0.6850403547286987,1.0,0.58
198730,0.6230776309967041,0.6850403547286987,1.0,0.39
198820,0.6230776309967041,0.6850403547286987,1.0,0.55
198910,0.6230776309967041,0.6850403547286987,1.0,0.39
199000,0.6230776309967041,0.6850403547286987,1.0,0.43
199090,0.6230776309967041,0.6850403547286987,1.0,0.45
199180,0.6230776309967041,0.6850403547286987,1.0,0.54
199270,0.6230776309967041,0.6850403547286987,1.0,0.58
199360,0.6230776309967041,0.6850403547286987,1.0,0.53
199450,0.6230776309967041,0.6850403547286987,1.0,0.39
199540,0.6230776309967041,0.6850403547286987,1.0,0.41
199630,0.6230776309967041,0.6850403547286987,1.0,0.53
199720,0.6230776309967041,0.6850403547286987,1.0,0.40
199810,0.6230776309967041,0.6850403547286987,1.0,0.58
199900,0.6230776309967041,0.6850403547286987,1.0,0.40
199990,0.6230776309967041,0.6850403547286987,1.0,0.57
200080,0.6230776309967041,0.6850403547286987,1.0,0.55
200170,0.6230776309967041,0.6850403547286987,1.0,0.53
200260,0.6230776309967041,0.6850403547286987,1.0,0.60
200350,0.6230776309967041,0.6850403547286987,1.0,0.47
200440,0.6230776309967041,0.6850403547286987,1.0,0.45
200530,0.6230776309967041,0.6850403547286987,1.0,0.56
200620,0.6230776309967041,0.6850403547286987,1.0,0.42
200710,0.6230776309967041,0.6850403547286987,1.0,0.38
200800,0.6230776309967041,0.6850403547286987,1.0,0.51
200890,0.6230776309967041,0.6850403547286987,1.0,0.39
200980,0.6230776309967041,0.6850403547286987,1.0,0.53
201070,0.6230776309967041,0.6850403547286987,1.0,0.46
201160,0.6230776309967041,0.6850403547286987,1.0,0.51
201250,0.6230776309967041,0.6850403547286987,1.0,0.49
201340,0.6230776309967041,0.6850403547286987,1.0,0.49
201430,0.6230776309967041,0.6850403547286987,1.0,0.52
201520,0.6230776309967041,0.6850403547286987,1.0,0.58
201610,0.6230776309967041,0.6850403547286987,1.0,0.47
201700,0.6230776309967041,0.6850403547286987,1.0,0.55
201790,0.6230776309967041,0.6850403547286987,1.0,0.47
201880,0.6230776309967041,0.6850403547286987,1.0,0.39
201970,0.6230776309967041,0.6850403547286987,1.0,0.58
202060,0.6230776309967041,0.6850403547286987,1.0,0.38
202150,0.6230776309967041,0.6850403547286987,1.0,0.55
202240,0.6230776309967041,0.6850403547286987,1.0,0.45
202330,0.6230776309967041,0.6850403547286987,1.0,0.46
202420,0.6230776309967041,0.6850403547286987,1.0,0.51
202510,0.6230776309967041,0.6850403547286987,1.0,0.49
202600,0.6230776309967041,0.6850403547286987,1.0,0.47
202690,0.6230776309967041,0.6850403547286987,1.0,0.50
202780,0.6230776309967041,0.6850403547286987,1.0,0.51
202870,0.6230776309967041,0.6850403547286987,1.0,0.61
202960,0.6230776309967041,0.6850403547286987,1.0,0.52
203050,0.6230776309967041,0.6850403547286987,1.0,0.45
203140,0.6230776309967041,0.6850403547286987,1.0,0.52
203230,0.6230776309967041,0.6850403547286987,1.0,0.44
203320,0.6230776309967041,0.6850403547286987,1.0,0.61
203410,0.6230776309967041,0.6850403547286987,1.0,0.55
203500,0.6230776309967041,0.6850403547286987,1.0,0.57
203590,0.6230776309967041,0.6850403547286987,1.0,0.56
203680,0.6230776309967041,0.6850403547286987,1.0,0.44
203770,0.6230776309967041,0.6850403547286987,1.0,0.51
203860,0.6230776309967041,0.6850403547286987,1.0,0.49
203950,0.6230776309967041,0.6850403547286987,1.0,0.46
204040,0.6230776309967041,0.6850403547286987,1.0,0.56
204130,0.6230776309967041,0.6850403547286987,1.0,0.56
204220,0.6230776309967041,0.6850403547286987,1.0,0.38
204310,0.6230776309967041,0.6850403547286987,1.0,0.46
204400,0.6230776309967041,0.6850403547286987,1.0,0.59
204490,0.6230776309967041,0.6850403547286987,1.0,0.60
204580,0.6230776309967041,0.6850403547286987,1.0,0.50
204670,0.6230776309967041,0.6850403547286987,1.0,0.45
204760,0.6230776309967041,0.6850403547286987,1.0,0.57
204850,0.6230776309967041,0.6850403547286987,1.0,0.41
204940,0.6230776309967041,0.6850403547286987,1.0,0.48
205030,0.6230776309967041,0.6850403547286987,1.0,0.42
205120,0.6230776309967041,0.6850403547286987,1.0,0.60
205210,0.6230776309967041,0.6850403547286987,1.0,0.53
205300,0.6230776309967041,0.6850403547286987,1.0,0.45
205390,0.6230776309967041,0.6850403547286987,1.0,0.44
205480,0.6230776309967041,0.6850403547286987,1.0,0.54
205570,0.6230776309967041,0.6850403547286987,1.0,0.52
205660,0.6230776309967041,0.6850403547286987,1.0,0.49
205750,0.6230776309967041,0.6850403547286987,1.0,0.54
205840,0.6230776309967041,0.6850403547286987,1.0,0.49
205930,0.6230776309967041,0.6850403547286987,1.0,0.47
206020,0.6230776309967041,0.6850403547286987,1.0,0.61
206110,0.6230776309967041,0.6850403547286987,1.0,0.53
206200,0.6230776309967041,0.6850403547286987,1.0,0.51
206290,0.6230776309967041,0.6850403547286987,1.0,0.45
206380,0.6230776309967041,0.6850403547286987,1.0,0.46
206470,0.6230776309967041,0.6850403547286987,1.0,0.44
206560,0.6230776309967041,0.6850403547286987,1.0,0.50
206650,0.6230776309967041,0.6850403547286987,1.0,0.40
206740,0.6230776309967041,0.6850403547286987,1.0,0.47
206830,0.6230776309967041,0.6850403547286987,1.0,0.58
206920,0.6230776309967041,0.6850403547286987,1.0,0.46
207010,0.6230776309967041,0.6850403547286987,1.0,0.51
207100,0.6230776309967041,0.6850403547286987,1.0,0.39
207190,0.6230776309967041,0.6850403547286987,1.0,0.65
207280,0.6230776309967041,0.6850403547286987,1.0,0.48
207370,0.6230776309967041,0.6850403547286987,1.0,0.49
207460,0.6230776309967041,0.6850403547286987,1.0,0.38
207550,0.6230776309967041,0.6850403547286987,1.0,0.47
207640,0.6230776309967041,0.6850403547286987,1.0,0.49
207730,0.6230776309967041,0.6850403547286987,1.0,0.39
207820,0.6230776309967041,0.6850403547286987,1.0,0.57
207910,0.6230776309967041,0.6850403547286987,1.0,0.53
208000,0.6230776309967041,0.6850403547286987,1.0,0.48
208090,0.6230776309967041,0.6850403547286987,1.0,0.59
208180,0.6230776309967041,0.6850403547286987,1.0,0.51
208270,0.6230776309967041,0.6850403547286987,1.0,0.51
208360,0.6230776309967041,0.6850403547286987,1.0,0.45
208450,0.6230776309967041,0.6850403547286987,1.0,0.52
208540,0.6230776309967041,0.6850403547286987,1.0,0.56
208630,0.6230776309967041,0.6850403547286987,1.0,0.41
208720,0.6230776309967041,0.6850403547286987,1.0,0.39
208810,0.6230776309967041,0.6850403547286987,1.0,0.40
208900,0.6230776309967041,0.6850403547286987,1.0,0.49
208990,0.6230776309967041,0.6850403547286987,1.0,0.58
209080,0.6230776309967041,0.6850403547286987,1.0,0.41
209170,0.6230776309967041,0.6850403547286987,1.0,0.46
209260,0.6230776309967041,0.6850403547286987,1.0,0.54
209350,0.6230776309967041,0.6850403547286987,1.0,0.51
209440,0.6230776309967041,0.6850403547286987,1.0,0.43
209530,0.6230776309967041,0.6850403547286987,1.0,0.39
209620,0.6230776309967041,0.6850403547286987,1.0,0.48
209710,0.6230776309967041,0.6850403547286987,1.0,0.54
209800,0.6230776309967041,0.6850403547286987,1.0,0.42
209890,0.6230776309967041,0.6850403547286987,1.0,0.44
209980,0.6230776309967041,0.6850403547286987,1.0,0.43
210070,0.6230776309967041,0.6850403547286987,1.0,0.52
210160,0.6230776309967041,0.6850403547286987,1.0,0.47
210250,0.6230776309967041,0.6850403547286987,1.0,0.45
210340,0.6230776309967041,0.6850403547286987,1.0,0.53
210430,0.6230776309967041,0.6850403547286987,1.0,0.42
210520,0.6230776309967041,0.6850403547286987,1.0,0.38
210610,0.6230776309967041,0.6850403547286987,1.0,0.48
210700,0.6230776309967041,0.6850403547286987,1.0,0.56
210790,0.6230776309967041,0.6850403547286987,1.0,0.40
210880,0.6230776309967041,0.6850403547286987,1.0,0.62
210970,0.6230776309967041,0.6850403547286987,1.0,0.44
211060,0.6230776309967041,0.6850403547286987,1.0,0.49
211150,0.6230776309967041,0.6850403547286987,1.0,0.48
211240,0.6230776309967041,0.6850403547286987,1.0,0.49
211330,0.6230776309967041,0.6850403547286987,1.0,0.52
211420,0.6230776309967041,0.6850403547286987,1.0,0.38
211510,0.6230776309967041,0.6850403547286987,1.0,0.38
211600,0.6230776309967041,0.6850403547286987,1.0,0.64
211690,0.6230776309967041,0.6850403547286987,1.0,0.70
211780,0.6230776309967041,0.6850403547286987,1.0,0.52
211870,0.6230776309967041,0.6850403547286987,1.0,0.48
211960,0.6230776309967041,0.6850403547286987,1.0,0.48
212050,0.6230776309967041,0.6850403547286987,1.0,0.39
212140,0.6230776309967041,0.6850403547286987,1.0,0.57
212230,0.6230776309967041,0.6850403547286987,1.0,0.47
212320,0.6230776309967041,0.6850403547286987,1.0,0.58
212410,0.6230776309967041,0.6850403547286987,1.0,0.50
212500,0.6230776309967041,0.6850403547286987,1.0,0.44
212590,0.6230776309967041,0.6850403547286987,1.0,0.50
212680,0.6230776309967041,0.6850403547286987,1.0,0.53
212770,0.6230776309967041,0.6850403547286987,1.0,0.54
212860,0.6230776309967041,0.6850403547286987,1.0,0.60
212950,0.6230776309967041,0.6850403547286987,1.0,0.48
213040,0.6230776309967041,0.6850403547286987,1.0,0.44
213130,0.6230776309967041,0.6850403547286987,1.0,0.48
213220,0.6230776309967041,0.6850403547286987,1.0,0.48
213310,0.6230776309967041,0.6850403547286987,1.0,0.59
213400,0.6230776309967041,0.6850403547286987,1.0,0.50
213490,0.6230776309967041,0.6850403547286987,1.0,0.39
213580,0.6230776309967041,0.6850403547286987,1.0,0.41
213670,0.6230776309967041,0.6850403547286987,1.0,0.49
213760,0.6230776309967041,0.6850403547286987,1.0,0.60
213850,0.6230776309967041,0.6850403547286987,1.0,0.44
213940,0.6230776309967041,0.6850403547286987,1.0,0.48
214030,0.6230776309967041,0.6850403547286987,1.0,0.52
214120,0.6230776309967041,0.6850403547286987,1.0,0.55
214210,0.6230776309967041,0.6850403547286987,1.0,0.54
214300,0.6230776309967041,0.6850403547286987,1.0,0.52
214390,0.6230776309967041,0.6850403547286987,1.0,0.48
214480,0.6230776309967041,0.6850403547286987,1.0,0.53
214570,0.6230776309967041,0.6850403547286987,1.0,0.55
214660,0.6230776309967041,0.6850403547286987,1.0,0.47
214750,0.6230776309967041,0.6850403547286987,1.0,0.44
214840,0.6230776309967041,0.6850403547286987,1.0,0.46
214930,0.6230776309967041,0.6850403547286987,1.0,0.51
215020,0.6230776309967041,0.6850403547286987,1.0,0.52
215110,0.6230776309967041,0.6850403547286987,1.0,0.54
215200,0.6230776309967041,0.6850403547286987,1.0,0.44
215290,0.6230776309967041,0.6850403547286987,1.0,0.55
215380,0.6230776309967041,0.6850403547286987,1.0,0.53
215470,0.6230776309967041,0.6850403547286987,1.0,0.51
215560,0.6230776309967041,0.6850403547286987,1.0,0.56
215650,0.6230776309967041,0.6850403547286987,1.0,0.43
215740,0.6230776309967041,0.6850403547286987,1.0,0.39
215830,0.6230776309967041,0.6850403547286987,1.0,0.38
215920,0.6230776309967041,0.6850403547286987,1.0,0.51
216010,0.6230776309967041,0.6850403547286987,1.0,0.45
216100,0.6230776309967041,0.6850403547286987,1.0,0.53
216190,0.6230776309967041,0.6850403547286987,1.0,0.58
216280,0.6230776309967041,0.6850403547286987,1.0,0.61
216370,0.6230776309967041,0.6850403547286987,1.0,0.38
216460,0.6230776309967041,0.6850403547286987,1.0,0.56
216550,0.6230776309967041,0.6850403547286987,1.0,0.50
216640,0.6230776309967041,0.6850403547286987,1.0,0.63
216730,0.6230776309967041,0.6850403547286987,1.0,0.52
216820,0.6230776309967041,0.6850403547286987,1.0,0.46
216910,0.6230776309967041,0.6850403547286987,1.0,0.38
217000,0.6230776309967041,0.6850403547286987,1.0,0.43
217090,0.6230776309967041,0.6850403547286987,1.0,0.38
217180,0.6230776309967041,0.6850403547286987,1.0,0.60
217270,0.6230776309967041,0.6850403547286987,1.0,0.49
217360,0.6230776309967041,0.6850403547286987,1.0,0.52
217450,0.6230776309967041,0.6850403547286987,1.0,0.47
217540,0.6230776309967041,0.6850403547286987,1.0,0.49
217630,0.6230776309967041,0.6850403547286987,1.0,0.58
217720,0.6230776309967041,0.6850403547286987,1.0,0.40
217810,0.6230776309967041,0.6850403547286987,1.0,0.53
217900,0.6230776309967041,0.6850403547286987,1.0,0.46
217990,0.6230776309967041,0.6850403547286987,1.0,0.52
218080,0.6230776309967041,0.6850403547286987,1.0,0.52
218170,0.6230776309967041,0.6850403547286987,1.0,0.55
218260,0.6230776309967041,0.6850403547286987,1.0,0.47
218350,0.6230776309967041,0.6850403547286987,1.0,0.61
218440,0.6230776309967041,0.6850403547286987,1.0,0.57
218530,0.6230776309967041,0.6850403547286987,1.0,0.46
218620,0.6230776309967041,0.6850403547286987,1.0,0.60
218710,0.6230776309967041,0.6850403547286987,1.0,0.54
218800,0.6230776309967041,0.6850403547286987,1.0,0.57
218890,0.6230776309967041,0.6850403547286987,1.0,0.62
218980,0.6230776309967041,0.6850403547286987,1.0,0.38
219070,0.6230776309967041,0.6850403547286987,1.0,0.56
219160,0.6230776309967041,0.6850403547286987,1.0,0.55
219250,0.6230776309967041,0.6850403547286987,1.0,0.53
219340,0.6230776309967041,0.6850403547286987,1.0,0.45
219430,0.6230776309967041,0.6850403547286987,1.0,0.43
219520,0.6230776309967041,0.6850403547286987,1.0,0.47
219610,0.6230776309967041,0.6850403547286987,1.0,0.60
219700,0.6230776309967041,0.6850403547286987,1.0,0.41
219790,0.6230776309967041,0.6850403547286987,1.0,0.56
219880,0.6230776309967041,0.6850403547286987,1.0,0.37
219970,0.6230776309967041,0.6850403547286987,1.0,0.43
220060,0.6230776309967041,0.6850403547286987,1.0,0.42
220150,0.6230776309967041,0.6850403547286987,1.0,0.45
220240,0.6230776309967041,0.6850403547286987,1.0,0.56
220330,0.6230776309967041,0.6850403547286987,1.0,0.53
220420,0.6230776309967041,0.6850403547286987,1.0,0.37
220510,0.6230776309967041,0.6850403547286987,1.0,0.49
220600,0.6230776309967041,0.6850403547286987,1.0,0.53
220690,0.6230776309967041,0.6850403547286987,1.0,0.60
220780,0.6230776309967041,0.6850403547286987,1.0,0.47
220870,0.6230776309967041,0.6850403547286987,1.0,0.59
220960,0.6230776309967041,0.6850403547286987,1.0,0.51
221050,0.6230776309967041,0.6850403547286987,1.0,0.49
221140,0.6230776309967041,0.6850403547286987,1.0,0.54
221230,0.6230776309967041,0.6850403547286987,1.0,0.49
221320,0.6230776309967041,0.6850403547286987,1.0,0.53
221410,0.6230776309967041,0.6850403547286987,1.0,0.52
221500,0.6230776309967041,0.6850403547286987,1.0,0.50
221590,0.6230776309967041,0.6850403547286987,1.0,0.42
221680,0.6230776309967041,0.6850403547286987,1.0,0.46
221770,0.6230776309967041,0.6850403547286987,1.0,0.48
221860,0.6230776309967041,0.6850403547286987,1.0,0.50
221950,0.6230776309967041,0.6850403547286987,1.0,0.52
222040,0.6230776309967041,0.6850403547286987,1.0,0.48
222130,0.6230776309967041,0.6850403547286987,1.0,0.57
222220,0.6230776309967041,0.6850403547286987,1.0,0.47
222310,0.6230776309967041,0.6850403547286987,1.0,0.56
222400,0.6230776309967041,0.6850403547286987,1.0,0.46
222490,0.6230776309967041,0.6850403547286987,1.0,0.57
222580,0.6230776309967041,0.6850403547286987,1.0,0.59
222670,0.6230776309967041,0.6850403547286987,1.0,0.51
222760,0.6230776309967041,0.6850403547286987,1.0,0.54
222850,0.6230776309967041,0.6850403547286987,1.0,0.51
222940,0.6230776309967041,0.6850403547286987,1.0,0.54
223030,0.6230776309967041,0.6850403547286987,1.0,0.38
223120,0.6230776309967041,0.6850403547286987,1.0,0.41
223210,0.6230776309967041,0.6850403547286987,1.0,0.51
223300,0.6230776309967041,0.6850403547286987,1.0,0.48
223390,0.6230776309967041,0.6850403547286987,1.0,0.49
223480,0.6230776309967041,0.6850403547286987,1.0,0.49
223570,0.6230776309967041,0.6850403547286987,1.0,0.55
223660,0.6230776309967041,0.6850403547286987,1.0,0.50
223750,0.6230776309967041,0.6850403547286987,1.0,0.53
223840,0.6230776309967041,0.6850403547286987,1.0,0.44
223930,0.6230776309967041,0.6850403547286987,1.0,0.47
224020,0.6230776309967041,0.6850403547286987,1.0,0.49
224110,0.6230776309967041,0.6850403547286987,1.0,0.52
224200,0.6230776309967041,0.6850403547286987,1.0,0.57
224290,0.6230776309967041,0.6850403547286987,1.0,0.37
224380,0.6230776309967041,0.6850403547286987,1.0,0.59
224470,0.6230776309967041,0.6850403547286987,1.0,0.48
224560,0.6230776309967041,0.6850403547286987,1.0,0.59
224650,0.6230776309967041,0.6850403547286987,1.0,0.50
224740,0.6230776309967041,0.6850403547286987,1.0,0.57
224830,0.6230776309967041,0.6850403547286987,1.0,0.51
224920,0.6230776309967041,0.6850403547286987,1.0,0.51
225010,0.6230776309967041,0.6850403547286987,1.0,0.53
225100,0.6230776309967041,0.6850403547286987,1.0,0.44
225190,0.6230776309967041,0.6850403547286987,1.0,0.57
225280,0.6230776309967041,0.6850403547286987,1.0,0.42
225370,0.6230776309967041,0.6850403547286987,1.0,0.38
225460,0.6230776309967041,0.6850403547286987,1.0,0.43
225550,0.6230776309967041,0.6850403547286987,1.0,0.43
225640,0.6230776309967041,0.6850403547286987,1.0,0.41
225730,0.6230776309967041,0.6850403547286987,1.0,0.45
225820,0.6230776309967041,0.6850403547286987,1.0,0.45
225910,0.6230776309967041,0.6850403547286987,1.0,0.54
226000,0.6230776309967041,0.6850403547286987,1.0,0.48
226090,0.6230776309967041,0.6850403547286987,1.0,0.39
226180,0.6230776309967041,0.6850403547286987,1.0,0.40
226270,0.6230776309967041,0.6850403547286987,1.0,0.48
226360,0.6230776309967041,0.6850403547286987,1.0,0.44
226450,0.6230776309967041,0.6850403547286987,1.0,0.52
226540,0.6230776309967041,0.6850403547286987,1.0,0.53
226630,0.6230776309967041,0.6850403547286987,1.0,0.47
226720,0.6230776309967041,0.6850403547286987,1.0,0.39
226810,0.6230776309967041,0.6850403547286987,1.0,0.58
226900,0.6230776309967041,0.6850403547286987,1.0,0.49
226990,0.6230776309967041,0.6850403547286987,1.0,0.42
227080,0.6230776309967041,0.6850403547286987,1.0,0.49
227170,0.6230776309967041,0.6850403547286987,1.0,0.46
227260,0.6230776309967041,0.6850403547286987,1.0,0.52
227350,0.6230776309967041,0.6850403547286987,1.0,0.58
227440,0.6230776309967041,0.6850403547286987,1.0,0.49
227530,0.6230776309967041,0.6850403547286987,1.0,0.57
227620,0.6230776309967041,0.6850403547286987,1.0,0.55
227710,0.6230776309967041,0.6850403547286987,1.0,0.51
227800,0.6230776309967041,0.6850403547286987,1.0,0.53
227890,0.6230776309967041,0.6850403547286987,1.0,0.44
227980,0.6230776309967041,0.6850403547286987,1.0,0.40
228070,0.6230776309967041,0.6850403547286987,1.0,0.37
228160,0.6230776309967041,0.6850403547286987,1.0,0.37
228250,0.6230776309967041,0.6850403547286987,1.0,0.54
228340,0.6230776309967041,0.6850403547286987,1.0,0.41
228430,0.6230776309967041,0.6850403547286987,1.0,0.53
228520,0.6230776309967041,0.6850403547286987,1.0,0.52
228610,0.6230776309967041,0.6850403547286987,1.0,0.46
228700,0.6230776309967041,0.6850403547286987,1.0,0.45
228790,0.6230776309967041,0.6850403547286987,1.0,0.54
228880,0.6230776309967041,0.6850403547286987,1.0,0.42
228970,0.6230776309967041,0.6850403547286987,1.0,0.52
229060,0.6230776309967041,0.6850403547286987,1.0,0.55
229150,0.6230776309967041,0.6850403547286987,1.0,0.45
229240,0.6230776309967041,0.6850403547286987,1.0,0.60
229330,0.6230776309967041,0.6850403547286987,1.0,0.48
229420,0.6230776309967041,0.6850403547286987,1.0,0.48
229510,0.6230776309967041,0.6850403547286987,1.0,0.60
229600,0.6230776309967041,0.6850403547286987,1.0,0.61
229690,0.6230776309967041,0.6850403547286987,1.0,0.56
229780,0.6230776309967041,0.6850403547286987,1.0,0.42
229870,0.6230776309967041,0.6850403547286987,1.0,0.41
229960,0.6230776309967041,0.6850403547286987,1.0,0.58
230050,0.6230776309967041,0.6850403547286987,1.0,0.37
230140,0.6230776309967041,0.6850403547286987,1.0,0.55
230230,0.6230776309967041,0.6850403547286987,1.0,0.50
230320,0.6230776309967041,0.6850403547286987,1.0,0.52
230410,0.6230776309967041,0.6850403547286987,1.0,0.49
230500,0.6230776309967041,0.6850403547286987,1.0,0.55
230590,0.6230776309967041,0.6850403547286987,1.0,0.60
230680,0.6230776309967041,0.6850403547286987,1.0,0.41
230770,0.6230776309967041,0.6850403547286987,1.0,0.51
230860,0.6230776309967041,0.6850403547286987,1.0,0.54
230950,0.6230776309967041,0.6850403547286987,1.0,0.39
231040,0.6230776309967041,0.6850403547286987,1.0,0.53
231130,0.6230776309967041,0.6850403547286987,1.0,0.51
231220,0.6230776309967041,0.6850403547286987,1.0,0.54
231310,0.6230776309967041,0.6850403547286987,1.0,0.56
231400,0.6230776309967041,0.6850403547286987,1.0,0.45
231490,0.6230776309967041,0.6850403547286987,1.0,0.61
231580,0.6230776309967041,0.6850403547286987,1.0,0.55
231670,0.6230776309967041,0.6850403547286987,1.0,0.44
231760,0.6230776309967041,0.6850403547286987,1.0,0.52
231850,0.6230776309967041,0.6850403547286987,1.0,0.38
231940,0.6230776309967041,0.6850403547286987,1.0,0.44
232030,0.6230776309967041,0.6850403547286987,1.0,0.62
232120,0.6230776309967041,0.6850403547286987,1.0,0.52
232210,0.6230776309967041,0.6850403547286987,1.0,0.60
232300,0.6230776309967041,0.6850403547286987,1.0,0.48
232390,0.6230776309967041,0.6850403547286987,1.0,0.56
232480,0.6230776309967041,0.6850403547286987,1.0,0.59
232570,0.6230776309967041,0.6850403547286987,1.0,0.58
232660,0.6230776309967041,0.6850403547286987,1.0,0.47
232750,0.6230776309967041,0.6850403547286987,1.0,0.43
232840,0.6230776309967041,0.6850403547286987,1.0,0.37
232930,0.6230776309967041,0.6850403547286987,1.0,0.39
233020,0.6230776309967041,0.6850403547286987,1.0,0.62
233110,0.6230776309967041,0.6850403547286987,1.0,0.53
233200,0.6230776309967041,0.6850403547286987,1.0,0.52
233290,0.6230776309967041,0.6850403547286987,1.0,0.37
233380,0.6230776309967041,0.6850403547286987,1.0,0.50
233470,0.6230776309967041,0.6850403547286987,1.0,0.59
233560,0.6230776309967041,0.6850403547286987,1.0,0.46
233650,0.6230776309967041,0.6850403547286987,1.0,0.42
233740,0.6230776309967041,0.6850403547286987,1.0,0.61
233830,0.6230776309967041,0.6850403547286987,1.0,0.51
233920,0.6230776309967041,0.6850403547286987,1.0,0.50
234010,0.6230776309967041,0.6850403547286987,1.0,0.58
234100,0.6230776309967041,0.6850403547286987,1.0,0.54
234190,0.6230776309967041,0.6850403547286987,1.0,0.63
234280,0.6230776309967041,0.6850403547286987,1.0,0.50
234370,0.6230776309967041,0.6850403547286987,1.0,0.45
234460,0.6230776309967041,0.6850403547286987,1.0,0.61
234550,0.6230776309967041,0.6850403547286987,1.0,0.55
234640,0.6230776309967041,0.6850403547286987,1.0,0.49
234730,0.6230776309967041,0.6850403547286987,1.0,0.60
234820,0.6230776309967041,0.6850403547286987,1.0,0.57
234910,0.6230776309967041,0.6850403547286987,1.0,0.45
235000,0.6230776309967041,0.6850403547286987,1.0,0.38
235090,0.6230776309967041,0.6850403547286987,1.0,0.45
235180,0.6230776309967041,0.6850403547286987,1.0,0.44
235270,0.6230776309967041,0.6850403547286987,1.0,0.56
235360,0.6230776309967041,0.6850403547286987,1.0,0.46
235450,0.6230776309967041,0.6850403547286987,1.0,0.37
235540,0.6230776309967041,0.6850403547286987,1.0,0.51
235630,0.6230776309967041,0.6850403547286987,1.0,0.54
235720,0.6230776309967041,0.6850403547286987,1.0,0.52
235810,0.6230776309967041,0.6850403547286987,1.0,0.52
235900,0.6230776309967041,0.6850403547286987,1.0,0.59
235990,0.6230776309967041,0.6850403547286987,1.0,0.38
236080,0.6230776309967041,0.6850403547286987,1.0,0.38
236170,0.6230776309967041,0.6850403547286987,1.0,0.59
236260,0.6230776309967041,0.6850403547286987,1.0,0.51
236350,0.6230776309967041,0.6850403547286987,1.0,0.47
236440,0.6230776309967041,0.6850403547286987,1.0,0.44
236530,0.6230776309967041,0.6850403547286987,1.0,0.59
236620,0.6230776309967041,0.6850403547286987,1.0,0.57
236710,0.6230776309967041,0.6850403547286987,1.0,0.52
236800,0.6230776309967041,0.6850403547286987,1.0,0.55
236890,0.6230776309967041,0.6850403547286987,1.0,0.50
236980,0.6230776309967041,0.6850403547286987,1.0,0.55
237070,0.6230776309967041,0.6850403547286987,1.0,0.48
237160,0.6230776309967041,0.6850403547286987,1.0,0.54
237250,0.6230776309967041,0.6850403547286987,1.0,0.58
237340,0.6230776309967041,0.6850403547286987,1.0,0.38
237430,0.6230776309967041,0.6850403547286987,1.0,0.52
237520,0.6230776309967041,0.6850403547286987,1.0,0.42
237610,0.6230776309967041,0.6850403547286987,1.0,0.38
237700,0.6230776309967041,0.6850403547286987,1.0,0.43
237790,0.6230776309967041,0.6850403547286987,1.0,0.43
237880,0.6230776309967041,0.6850403547286987,1.0,0.44
237970,0.6230776309967041,0.6850403547286987,1.0,0.45
238060,0.6230776309967041,0.6850403547286987,1.0,0.39
238150,0.6230776309967041,0.6850403547286987,1.0,0.44
238240,0.6230776309967041,0.6850403547286987,1.0,0.54
238330,0.6230776309967041,0.6850403547286987,1.0,0.60
238420,0.6230776309967041,0.6850403547286987,1.0,0.54
238510,0.6230776309967041,0.6850403547286987,1.0,0.38
238600,0.6230776309967041,0.6850403547286987,1.0,0.45
238690,0.6230776309967041,0.6850403547286987,1.0,0.64
238780,0.6230776309967041,0.6850403547286987,1.0,0.60
238870,0.6230776309967041,0.6850403547286987,1.0,0.60
238960,0.6230776309967041,0.6850403547286987,1.0,0.41
239050,0.6230776309967041,0.6850403547286987,1.0,0.53
239140,0.6230776309967041,0.6850403547286987,1.0,0.58
239230,0.6230776309967041,0.6850403547286987,1.0,0.48
239320,0.6230776309967041,0.6850403547286987,1.0,0.54
239410,0.6230776309967041,0.6850403547286987,1.0,0.60
239500,0.6230776309967041,0.6850403547286987,1.0,0.43
239590,0.6230776309967041,0.6850403547286987,1.0,0.42
239680,0.6230776309967041,0.6850403547286987,1.0,0.52
239770,0.6230776309967041,0.6850403547286987,1.0,0.45
239860,0.6230776309967041,0.6850403547286987,1.0,0.42
239950,0.6230776309967041,0.6850403547286987,1.0,0.47
240040,0.6230776309967041,0.6850403547286987,1.0,0.50
240130,0.6230776309967041,0.6850403547286987,1.0,0.39
240220,0.6230776309967041,0.6850403547286987,1.0,0.57
240310,0.6230776309967041,0.6850403547286987,1.0,0.50
240400,0.6230776309967041,0.6850403547286987,1.0,0.59
240490,0.6230776309967041,0.6850403547286987,1.0,0.50
240580,0.6230776309967041,0.6850403547286987,1.0,0.51
240670,0.6230776309967041,0.6850403547286987,1.0,0.58
240760,0.6230776309967041,0.6850403547286987,1.0,0.42
240850,0.6230776309967041,0.6850403547286987,1.0,0.42
240940,0.6230776309967041,0.6850403547286987,1.0,0.53
241030,0.6230776309967041,0.6850403547286987,1.0,0.43
241120,0.6230776309967041,0.6850403547286987,1.0,0.42
241210,0.6230776309967041,0.6850403547286987,1.0,0.43
241300,0.6230776309967041,0.6850403547286987,1.0,0.36
241390,0.6230776309967041,0.6850403547286987,1.0,0.50
241480,0.6230776309967041,0.6850403547286987,1.0,0.50
241570,0.6230776309967041,0.6850403547286987,1.0,0.39
241660,0.6230776309967041,0.6850403547286987,1.0,0.46
241750,0.6230776309967041,0.6850403547286987,1.0,0.45
241840,0.6230776309967041,0.6850403547286987,1.0,0.60
241930,0.6230776309967041,0.6850403547286987,1.0,0.59
242020,0.6230776309967041,0.6850403547286987,1.0,0.60
242110,0.6230776309967041,0.6850403547286987,1.0,0.44
242200,0.6230776309967041,0.6850403547286987,1.0,0.44
242290,0.6230776309967041,0.6850403547286987,1.0,0.50
242380,0.6230776309967041,0.6850403547286987,1.0,0.41
242470,0.6230776309967041,0.6850403547286987,1.0,0.56
242560,0.6230776309967041,0.6850403547286987,1.0,0.53
242650,0.6230776309967041,0.6850403547286987,1.0,0.58
242740,0.6230776309967041,0.6850403547286987,1.0,0.60
242830,0.6230776309967041,0.6850403547286987,1.0,0.40
242920,0.6230776309967041,0.6850403547286987,1.0,0.58
243010,0.6230776309967041,0.6850403547286987,1.0,0.55
243100,0.6230776309967041,0.6850403547286987,1.0,0.39
243190,0.6230776309967041,0.6850403547286987,1.0,0.68
243280,0.6230776309967041,0.6850403547286987,1.0,0.41
243370,0.6230776309967041,0.6850403547286987,1.0,0.58
243460,0.6230776309967041,0.6850403547286987,1.0,0.40
243550,0.6230776309967041,0.6850403547286987,1.0,0.58
243640,0.6230776309967041,0.6850403547286987,1.0,0.51
243730,0.6230776309967041,0.6850403547286987,1.0,0.52
243820,0.6230776309967041,0.6850403547286987,1.0,0.52
243910,0.6230776309967041,0.6850403547286987,1.0,0.49
244000,0.6230776309967041,0.6850403547286987,1.0,0.46
244090,0.6230776309967041,0.6850403547286987,1.0,0.48
244180,0.6230776309967041,0.6850403547286987,1.0,0.43
244270,0.6230776309967041,0.6850403547286987,1.0,0.51
244360,0.6230776309967041,0.6850403547286987,1.0,0.42
244450,0.6230776309967041,0.6850403547286987,1.0,0.50
244540,0.6230776309967041,0.6850403547286987,1.0,0.50
244630,0.6230776309967041,0.6850403547286987,1.0,0.52
244720,0.6230776309967041,0.6850403547286987,1.0,0.42
244810,0.6230776309967041,0.6850403547286987,1.0,0.54
244900,0.6230776309967041,0.6850403547286987,1.0,0.47
244990,0.6230776309967041,0.6850403547286987,1.0,0.53
245080,0.6230776309967041,0.6850403547286987,1.0,0.38
245170,0.6230776309967041,0.6850403547286987,1.0,0.38
245260,0.6230776309967041,0.6850403547286987,1.0,0.46
245350,0.6230776309967041,0.6850403547286987,1.0,0.38
245440,0.6230776309967041,0.6850403547286987,1.0,0.41
245530,0.6230776309967041,0.6850403547286987,1.0,0.58
245620,0.6230776309967041,0.6850403547286987,1.0,0.45
245710,0.6230776309967041,0.6850403547286987,1.0,0.53
245800,0.6230776309967041,0.6850403547286987,1.0,0.46
245890,0.6230776309967041,0.6850403547286987,1.0,0.50
245980,0.6230776309967041,0.6850403547286987,1.0,0.36
246070,0.6230776309967041,0.6850403547286987,1.0,0.51
246160,0.6230776309967041,0.6850403547286987,1.0,0.44
246250,0.6230776309967041,0.6850403547286987,1.0,0.51
246340,0.6230776309967041,0.6850403547286987,1.0,0.52
246430,0.6230776309967041,0.6850403547286987,1.0,0.45
246520,0.6230776309967041,0.6850403547286987,1.0,0.41
246610,0.6230776309967041,0.6850403547286987,1.0,0.36
246700,0.6230776309967041,0.6850403547286987,1.0,0.55
246790,0.6230776309967041,0.6850403547286987,1.0,0.58
246880,0.6230776309967041,0.6850403547286987,1.0,0.39
246970,0.6230776309967041,0.6850403547286987,1.0,0.43
247060,0.6230776309967041,0.6850403547286987,1.0,0.41
247150,0.6230776309967041,0.6850403547286987,1.0,0.51
247240,0.6230776309967041,0.6850403547286987,1.0,0.55
247330,0.6230776309967041,0.6850403547286987,1.0,0.53
247420,0.6230776309967041,0.6850403547286987,1.0,0.49
247510,0.6230776309967041,0.6850403547286987,1.0,0.48
247600,0.6230776309967041,0.6850403547286987,1.0,0.54
247690,0.6230776309967041,0.6850403547286987,1.0,0.49
247780,0.6230776309967041,0.6850403547286987,1.0,0.45
247870,0.6230776309967041,0.6850403547286987,1.0,0.50
247960,0.6230776309967041,0.6850403547286987,1.0,0.52
248050,0.6230776309967041,0.6850403547286987,1.0,0.43
248140,0.6230776309967041,0.6850403547286987,1.0,0.54
248230,0.6230776309967041,0.6850403547286987,1.0,0.49
248320,0.6230776309967041,0.6850403547286987,1.0,0.49
248410,0.6230776309967041,0.6850403547286987,1.0,0.47
248500,0.6230776309967041,0.6850403547286987,1.0,0.49
248590,0.6230776309967041,0.6850403547286987,1.0,0.52
248680,0.6230776309967041,0.6850403547286987,1.0,0.49
248770,0.6230776309967041,0.6850403547286987,1.0,0.41
248860,0.6230776309967041,0.6850403547286987,1.0,0.41
248950,0.6230776309967041,0.6850403547286987,1.0,0.60
249040,0.6230776309967041,0.6850403547286987,1.0,0.39
249130,0.6230776309967041,0.6850403547286987,1.0,0.53
249220,0.6230776309967041,0.6850403547286987,1.0,0.50
249310,0.6230776309967041,0.6850403547286987,1.0,0.49
249400,0.6230776309967041,0.6850403547286987,1.0,0.54
249490,0.6230776309967041,0.6850403547286987,1.0,0.46
249580,0.6230776309967041,0.6850403547286987,1.0,0.61
249670,0.6230776309967041,0.6850403547286987,1.0,0.39
249760,0.6230776309967041,0.6850403547286987,1.0,0.48
249850,0.6230776309967041,0.6850403547286987,1.0,0.54
249940,0.6230776309967041,0.6850403547286987,1.0,0.61
250030,0.6230776309967041,0.6850403547286987,1.0,0.41
250120,0.6230776309967041,0.6850403547286987,1.0,0.44
250210,0.6230776309967041,0.6850403547286987,1.0,0.53
250300,0.6230776309967041,0.6850403547286987,1.0,0.56
250390,0.6230776309967041,0.6850403547286987,1.0,0.52
250480,0.6230776309967041,0.6850403547286987,1.0,0.50
250570,0.6230776309967041,0.6850403547286987,1.0,0.37
250660,0.6230776309967041,0.6850403547286987,1.0,0.52
250750,0.6230776309967041,0.6850403547286987,1.0,0.39
250840,0.6230776309967041,0.6850403547286987,1.0,0.54
250930,0.6230776309967041,0.6850403547286987,1.0,0.48
251020,0.6230776309967041,0.6850403547286987,1.0,0.39
251110,0.6230776309967041,0.6850403547286987,1.0,0.40
251200,0.6230776309967041,0.6850403547286987,1.0,0.57
251290,0.6230776309967041,0.6850403547286987,1.0,0.49
251380,0.6230776309967041,0.6850403547286987,1.0,0.46
251470,0.6230776309967041,0.6850403547286987,1.0,0.52
251560,0.6230776309967041,0.6850403547286987,1.0,0.58
251650,0.6230776309967041,0.6850403547286987,1.0,0.46
251740,0.6230776309967041,0.6850403547286987,1.0,0.51
251830,0.6230776309967041,0.6850403547286987,1.0,0.44
251920,0.6230776309967041,0.6850403547286987,1.0,0.54
252010,0.6230776309967041,0.6850403547286987,1.0,0.48
252100,0.6230776309967041,0.6850403547286987,1.0,0.40
252190,0.6230776309967041,0.6850403547286987,1.0,0.60
252280,0.6230776309967041,0.6850403547286987,1.0,0.47
252370,0.6230776309967041,0.6850403547286987,1.0,0.40
252460,0.6230776309967041,0.6850403547286987,1.0,0.39
252550,0.6230776309967041,0.6850403547286987,1.0,0.46
252640,0.6230776309967041,0.6850403547286987,1.0,0.48
252730,0.6230776309967041,0.6850403547286987,1.0,0.43
252820,0.6230776309967041,0.6850403547286987,1.0,0.49
252910,0.6230776309967041,0.6850403547286987,1.0,0.43
253000,0.6230776309967041,0.6850403547286987,1.0,0.58
253090,0.6230776309967041,0.6850403547286987,1.0,0.41
253180,0.6230776309967041,0.6850403547286987,1.0,0.43
253270,0.6230776309967041,0.6850403547286987,1.0,0.37
253360,0.6230776309967041,0.6850403547286987,1.0,0.44
253450,0.6230776309967041,0.6850403547286987,1.0,0.59
253540,0.6230776309967041,0.6850403547286987,1.0,0.52
253630,0.6230776309967041,0.6850403547286987,1.0,0.56
253720,0.6230776309967041,0.6850403547286987,1.0,0.40
253810,0.6230776309967041,0.6850403547286987,1.0,0.50
253900,0.6230776309967041,0.6850403547286987,1.0,0.56
253990,0.6230776309967041,0.6850403547286987,1.0,0.38
254080,0.6230776309967041,0.6850403547286987,1.0,0.49
254170,0.6230776309967041,0.6850403547286987,1.0,0.57
254260,0.6230776309967041,0.6850403547286987,1.0,0.55
254350,0.6230776309967041,0.6850403547286987,1.0,0.37
254440,0.6230776309967041,0.6850403547286987,1.0,0.57
254530,0.6230776309967041,0.6850403547286987,1.0,0.59
254620,0.6230776309967041,0.6850403547286987,1.0,0.53
254710,0.6230776309967041,0.6850403547286987,1.0,0.43
254800,0.6230776309967041,0.6850403547286987,1.0,0.59
254890,0.6230776309967041,0.6850403547286987,1.0,0.53
254980,0.6230776309967041,0.6850403547286987,1.0,0.56
255070,0.6230776309967041,0.6850403547286987,1.0,0.59
255160,0.6230776309967041,0.6850403547286987,1.0,0.62
255250,0.6230776309967041,0.6850403547286987,1.0,0.49
255340,0.6230776309967041,0.6850403547286987,1.0,0.47
255430,0.6230776309967041,0.6850403547286987,1.0,0.49
255520,0.6230776309967041,0.6850403547286987,1.0,0.43
255610,0.6230776309967041,0.6850403547286987,1.0,0.46
255700,0.6230776309967041,0.6850403547286987,1.0,0.56
255790,0.6230776309967041,0.6850403547286987,1.0,0.61
255880,0.6230776309967041,0.6850403547286987,1.0,0.44
255970,0.6230776309967041,0.6850403547286987,1.0,0.48
256060,0.6230776309967041,0.6850403547286987,1.0,0.45
256150,0.6230776309967041,0.6850403547286987,1.0,0.44
256240,0.6230776309967041,0.6850403547286987,1.0,0.41
256330,0.6230776309967041,0.6850403547286987,1.0,0.56
256420,0.6230776309967041,0.6850403547286987,1.0,0.57
256510,0.6230776309967041,0.6850403547286987,1.0,0.55
256600,0.6230776309967041,0.6850403547286987,1.0,0.52
256690,0.6230776309967041,0.6850403547286987,1.0,0.75
256780,0.6230776309967041,0.6850403547286987,1.0,0.43
256870,0.6230776309967041,0.6850403547286987,1.0,0.45
256960,0.6230776309967041,0.6850403547286987,1.0,0.51
257050,0.6230776309967041,0.6850403547286987,1.0,0.54
257140,0.6230776309967041,0.6850403547286987,1.0,0.50
257230,0.6230776309967041,0.6850403547286987,1.0,0.51
257320,0.6230776309967041,0.6850403547286987,1.0,0.44
257410,0.6230776309967041,0.6850403547286987,1.0,0.38
257500,0.6230776309967041,0.6850403547286987,1.0,0.50
257590,0.6230776309967041,0.6850403547286987,1.0,0.40
257680,0.6230776309967041,0.6850403547286987,1.0,0.39
257770,0.6230776309967041,0.6850403547286987,1.0,0.55
257860,0.6230776309967041,0.6850403547286987,1.0,0.45
257950,0.6230776309967041,0.6850403547286987,1.0,0.42
258040,0.6230776309967041,0.6850403547286987,1.0,0.41
258130,0.6230776309967041,0.6850403547286987,1.0,0.59
258220,0.6230776309967041,0.6850403547286987,1.0,0.55
258310,0.6230776309967041,0.6850403547286987,1.0,0.54
258400,0.6230776309967041,0.6850403547286987,1.0,0.56
258490,0.6230776309967041,0.6850403547286987,1.0,0.59
258580,0.6230776309967041,0.6850403547286987,1.0,0.46
258670,0.6230776309967041,0.6850403547286987,1.0,0.60
258760,0.6230776309967041,0.6850403547286987,1.0,0.42
258850,0.6230776309967041,0.6850403547286987,1.0,0.51
258940,0.6230776309967041,0.6850403547286987,1.0,0.46
259030,0.6230776309967041,0.6850403547286987,1.0,0.51
259120,0.6230776309967041,0.6850403547286987,1.0,0.52
259210,0.6230776309967041,0.6850403547286987,1.0,0.57
259300,0.6230776309967041,0.6850403547286987,1.0,0.37
259390,0.6230776309967041,0.6850403547286987,1.0,0.56
259480,0.6230776309967041,0.6850403547286987,1.0,0.44
259570,0.6230776309967041,0.6850403547286987,1.0,0.51
259660,0.6230776309967041,0.6850403547286987,1.0,0.51
259750,0.6230776309967041,0.6850403547286987,1.0,0.41
259840,0.6230776309967041,0.6850403547286987,1.0,0.50
259930,0.6230776309967041,0.6850403547286987,1.0,0.48
260020,0.6230776309967041,0.6850403547286987,1.0,0.39
260110,0.6230776309967041,0.6850403547286987,1.0,0.62
260200,0.6230776309967041,0.6850403547286987,1.0,0.40
260290,0.6230776309967041,0.6850403547286987,1.0,0.47
260380,0.6230776309967041,0.6850403547286987,1.0,0.40
260470,0.6230776309967041,0.6850403547286987,1.0,0.40
260560,0.6230776309967041,0.6850403547286987,1.0,0.49
260650,0.6230776309967041,0.6850403547286987,1.0,0.52
260740,0.6230776309967041,0.6850403547286987,1.0,0.52
260830,0.6230776309967041,0.6850403547286987,1.0,0.45
260920,0.6230776309967041,0.6850403547286987,1.0,0.46
261010,0.6230776309967041,0.6850403547286987,1.0,0.50
261100,0.6230776309967041,0.6850403547286987,1.0,0.43
261190,0.6230776309967041,0.6850403547286987,1.0,0.60
261280,0.6230776309967041,0.6850403547286987,1.0,0.57
261370,0.6230776309967041,0.6850403547286987,1.0,0.51
261460,0.6230776309967041,0.6850403547286987,1.0,0.50
261550,0.6230776309967041,0.6850403547286987,1.0,0.48
261640,0.6230776309967041,0.6850403547286987,1.0,0.48
261730,0.6230776309967041,0.6850403547286987,1.0,0.39
261820,0.6230776309967041,0.6850403547286987,1.0,0.46
261910,0.6230776309967041,0.6850403547286987,1.0,0.51
262000,0.6230776309967041,0.6850403547286987,1.0,0.41
262090,0.6230776309967041,0.6850403547286987,1.0,0.44
262180,0.6230776309967041,0.6850403547286987,1.0,0.54
262270,0.6230776309967041,0.6850403547286987,1.0,0.44
262360,0.6230776309967041,0.6850403547286987,1.0,0.46
262450,0.6230776309967041,0.6850403547286987,1.0,0.58
262540,0.6230776309967041,0.6850403547286987,1.0,0.41
262630,0.6230776309967041,0.6850403547286987,1.0,0.47
262720,0.6230776309967041,0.6850403547286987,1.0,0.58
262810,0.6230776309967041,0.6850403547286987,1.0,0.52
262900,0.6230776309967041,0.6850403547286987,1.0,0.53
262990,0.6230776309967041,0.6850403547286987,1.0,0.46
263080,0.6230776309967041,0.6850403547286987,1.0,0.53
263170,0.6230776309967041,0.6850403547286987,1.0,0.47
263260,0.6230776309967041,0.6850403547286987,1.0,0.41
263350,0.6230776309967041,0.6850403547286987,1.0,0.52
263440,0.6230776309967041,0.6850403547286987,1.0,0.55
263530,0.6230776309967041,0.6850403547286987,1.0,0.38
263620,0.6230776309967041,0.6850403547286987,1.0,0.59
263710,0.6230776309967041,0.6850403547286987,1.0,0.54
263800,0.6230776309967041,0.6850403547286987,1.0,0.48
263890,0.6230776309967041,0.6850403547286987,1.0,0.60
263980,0.6230776309967041,0.6850403547286987,1.0,0.55
264070,0.6230776309967041,0.6850403547286987,1.0,0.58
264160,0.6230776309967041,0.6850403547286987,1.0,0.52
264250,0.6230776309967041,0.6850403547286987,1.0,0.51
264340,0.6230776309967041,0.6850403547286987,1.0,0.45
264430,0.6230776309967041,0.6850403547286987,1.0,0.54
264520,0.6230776309967041,0.6850403547286987,1.0,0.55
264610,0.6230776309967041,0.6850403547286987,1.0,0.59
264700,0.6230776309967041,0.6850403547286987,1.0,0.43
264790,0.6230776309967041,0.6850403547286987,1.0,0.57
264880,0.6230776309967041,0.6850403547286987,1.0,0.50
264970,0.6230776309967041,0.6850403547286987,1.0,0.55
265060,0.6230776309967041,0.6850403547286987,1.0,0.55
265150,0.6230776309967041,0.6850403547286987,1.0,0.54
265240,0.6230776309967041,0.6850403547286987,1.0,0.49
265330,0.6230776309967041,0.6850403547286987,1.0,0.60
265420,0.6230776309967041,0.6850403547286987,1.0,0.58
265510,0.6230776309967041,0.6850403547286987,1.0,0.56
265600,0.6230776309967041,0.6850403547286987,1.0,0.45
265690,0.6230776309967041,0.6850403547286987,1.0,0.63
265780,0.6230776309967041,0.6850403547286987,1.0,0.59
265870,0.6230776309967041,0.6850403547286987,1.0,0.48
265960,0.6230776309967041,0.6850403547286987,1.0,0.53
266050,0.6230776309967041,0.6850403547286987,1.0,0.58
266140,0.6230776309967041,0.6850403547286987,1.0,0.46
266230,0.6230776309967041,0.6850403547286987,1.0,0.58
266320,0.6230776309967041,0.6850403547286987,1.0,0.45
266410,0.6230776309967041,0.6850403547286987,1.0,0.54
266500,0.6230776309967041,0.6850403547286987,1.0,0.38
266590,0.6230776309967041,0.6850403547286987,1.0,0.49
266680,0.6230776309967041,0.6850403547286987,1.0,0.43
266770,0.6230776309967041,0.6850403547286987,1.0,0.46
266860,0.6230776309967041,0.6850403547286987,1.0,0.52
266950,0.6230776309967041,0.6850403547286987,1.0,0.54
267040,0.6230776309967041,0.6850403547286987,1.0,0.53
267130,0.6230776309967041,0.6850403547286987,1.0,0.57
267220,0.6230776309967041,0.6850403547286987,1.0,0.56
267310,0.6230776309967041,0.6850403547286987,1.0,0.58
267400,0.6230776309967041,0.6850403547286987,1.0,0.57
267490,0.6230776309967041,0.6850403547286987,1.0,0.51
267580,0.6230776309967041,0.6850403547286987,1.0,0.57
267670,0.6230776309967041,0.6850403547286987,1.0,0.47
267760,0.6230776309967041,0.6850403547286987,1.0,0.43
267850,0.6230776309967041,0.6850403547286987,1.0,0.54
267940,0.6230776309967041,0.6850403547286987,1.0,0.53
268030,0.6230776309967041,0.6850403547286987,1.0,0.49
268120,0.6230776309967041,0.6850403547286987,1.0,0.42
268210,0.6230776309967041,0.6850403547286987,1.0,0.45
268300,0.6230776309967041,0.6850403547286987,1.0,0.62
268390,0.6230776309967041,0.6850403547286987,1.0,0.43
268480,0.6230776309967041,0.6850403547286987,1.0,0.38
268570,0.6230776309967041,0.6850403547286987,1.0,0.48
268660,0.6230776309967041,0.6850403547286987,1.0,0.62
268750,0.6230776309967041,0.6850403547286987,1.0,0.57
268840,0.6230776309967041,0.6850403547286987,1.0,0.63
268930,0.6230776309967041,0.6850403547286987,1.0,0.58
269020,0.6230776309967041,0.6850403547286987,1.0,0.49
269110,0.6230776309967041,0.6850403547286987,1.0,0.53
269200,0.6230776309967041,0.6850403547286987,1.0,0.38
269290,0.6230776309967041,0.6850403547286987,1.0,0.58
269380,0.6230776309967041,0.6850403547286987,1.0,0.51
269470,0.6230776309967041,0.6850403547286987,1.0,0.47
269560,0.6230776309967041,0.6850403547286987,1.0,0.52
269650,0.6230776309967041,0.6850403547286987,1.0,0.53
269740,0.6230776309967041,0.6850403547286987,1.0,0.44
269830,0.6230776309967041,0.6850403547286987,1.0,0.57
269920,0.6230776309967041,0.6850403547286987,1.0,0.54
270010,0.6230776309967041,0.6850403547286987,1.0,0.60
270100,0.6230776309967041,0.6850403547286987,1.0,0.44
270190,0.6230776309967041,0.6850403547286987,1.0,0.50
270280,0.6230776309967041,0.6850403547286987,1.0,0.54
270370,0.6230776309967041,0.6850403547286987,1.0,0.48
270460,0.6230776309967041,0.6850403547286987,1.0,0.48
270550,0.6230776309967041,0.6850403547286987,1.0,0.43
270640,0.6230776309967041,0.6850403547286987,1.0,0.47
270730,0.6230776309967041,0.6850403547286987,1.0,0.56
270820,0.6230776309967041,0.6850403547286987,1.0,0.52
270910,0.6230776309967041,0.6850403547286987,1.0,0.51
271000,0.6230776309967041,0.6850403547286987,1.0,0.50
271090,0.6230776309967041,0.6850403547286987,1.0,0.52
271180,0.6230776309967041,0.6850403547286987,1.0,0.52
271270,0.6230776309967041,0.6850403547286987,1.0,0.39
271360,0.6230776309967041,0.6850403547286987,1.0,0.39
271450,0.6230776309967041,0.6850403547286987,1.0,0.41
271540,0.6230776309967041,0.6850403547286987,1.0,0.52
271630,0.6230776309967041,0.6850403547286987,1.0,0.60
271720,0.6230776309967041,0.6850403547286987,1.0,0.53
271810,0.6230776309967041,0.6850403547286987,1.0,0.43
271900,0.6230776309967041,0.6850403547286987,1.0,0.53
271990,0.6230776309967041,0.6850403547286987,1.0,0.62
272080,0.6230776309967041,0.6850403547286987,1.0,0.53
272170,0.6230776309967041,0.6850403547286987,1.0,0.50
272260,0.6230776309967041,0.6850403547286987,1.0,0.49
272350,0.6230776309967041,0.6850403547286987,1.0,0.41
272440,0.6230776309967041,0.6850403547286987,1.0,0.57
272530,0.6230776309967041,0.6850403547286987,1.0,0.47
272620,0.6230776309967041,0.6850403547286987,1.0,0.41
272710,0.6230776309967041,0.6850403547286987,1.0,0.52
272800,0.6230776309967041,0.6850403547286987,1.0,0.45
272890,0.6230776309967041,0.6850403547286987,1.0,0.38
272980,0.6230776309967041,0.6850403547286987,1.0,0.39
273070,0.6230776309967041,0.6850403547286987,1.0,0.50
273160,0.6230776309967041,0.6850403547286987,1.0,0.50
273250,0.6230776309967041,0.6850403547286987,1.0,0.43
273340,0.6230776309967041,0.6850403547286987,1.0,0.46
273430,0.6230776309967041,0.6850403547286987,1.0,0.45
273520,0.6230776309967041,0.6850403547286987,1.0,0.61
273610,0.6230776309967041,0.6850403547286987,1.0,0.45
273700,0.6230776309967041,0.6850403547286987,1.0,0.51
273790,0.6230776309967041,0.6850403547286987,1.0,0.49
273880,0.6230776309967041,0.6850403547286987,1.0,0.52
273970,0.6230776309967041,0.6850403547286987,1.0,0.56
274060,0.6230776309967041,0.6850403547286987,1.0,0.38
274150,0.6230776309967041,0.6850403547286987,1.0,0.51
274240,0.6230776309967041,0.6850403547286987,1.0,0.46
274330,0.6230776309967041,0.6850403547286987,1.0,0.51
274420,0.6230776309967041,0.6850403547286987,1.0,0.54
274510,0.6230776309967041,0.6850403547286987,1.0,0.46
274600,0.6230776309967041,0.6850403547286987,1.0,0.53
274690,0.6230776309967041,0.6850403547286987,1.0,0.61
274780,0.6230776309967041,0.6850403547286987,1.0,0.38
274870,0.6230776309967041,0.6850403547286987,1.0,0.44
274960,0.6230776309967041,0.6850403547286987,1.0,0.50
275050,0.6230776309967041,0.6850403547286987,1.0,0.45
275140,0.6230776309967041,0.6850403547286987,1.0,0.46
275230,0.6230776309967041,0.6850403547286987,1.0,0.51
275320,0.6230776309967041,0.6850403547286987,1.0,0.36
275410,0.6230776309967041,0.6850403547286987,1.0,0.40
275500,0.6230776309967041,0.6850403547286987,1.0,0.52
275590,0.6230776309967041,0.6850403547286987,1.0,0.54
275680,0.6230776309967041,0.6850403547286987,1.0,0.42
275770,0.6230776309967041,0.6850403547286987,1.0,0.42
275860,0.6230776309967041,0.6850403547286987,1.0,0.53
275950,0.6230776309967041,0.6850403547286987,1.0,0.51
276040,0.6230776309967041,0.6850403547286987,1.0,0.46
276130,0.6230776309967041,0.6850403547286987,1.0,0.52
276220,0.6230776309967041,0.6850403547286987,1.0,0.45
276310,0.6230776309967041,0.6850403547286987,1.0,0.49
276400,0.6230776309967041,0.6850403547286987,1.0,0.37
276490,0.6230776309967041,0.6850403547286987,1.0,0.49
276580,0.6230776309967041,0.6850403547286987,1.0,0.46
276670,0.6230776309967041,0.6850403547286987,1.0,0.45
276760,0.6230776309967041,0.6850403547286987,1.0,0.54
276850,0.6230776309967041,0.6850403547286987,1.0,0.53
276940,0.6230776309967041,0.6850403547286987,1.0,0.62
277030,0.6230776309967041,0.6850403547286987,1.0,0.60
277120,0.6230776309967041,0.6850403547286987,1.0,0.52
277210,0.6230776309967041,0.6850403547286987,1.0,0.43
277300,0.6230776309967041,0.6850403547286987,1.0,0.53
277390,0.6230776309967041,0.6850403547286987,1.0,0.46
277480,0.6230776309967041,0.6850403547286987,1.0,0.47
277570,0.6230776309967041,0.6850403547286987,1.0,0.45
277660,0.6230776309967041,0.6850403547286987,1.0,0.49
277750,0.6230776309967041,0.6850403547286987,1.0,0.48
277840,0.6230776309967041,0.6850403547286987,1.0,0.59
277930,0.6230776309967041,0.6850403547286987,1.0,0.48
278020,0.6230776309967041,0.6850403547286987,1.0,0.52
278110,0.6230776309967041,0.6850403547286987,1.0,0.49
278200,0.6230776309967041,0.6850403547286987,1.0,0.40
278290,0.6230776309967041,0.6850403547286987,1.0,0.49
278380,0.6230776309967041,0.6850403547286987,1.0,0.54
278470,0.6230776309967041,0.6850403547286987,1.0,0.39
278560,0.6230776309967041,0.6850403547286987,1.0,0.47
278650,0.6230776309967041,0.6850403547286987,1.0,0.52
278740,0.6230776309967041,0.6850403547286987,1.0,0.52
278830,0.6230776309967041,0.6850403547286987,1.0,0.43
278920,0.6230776309967041,0.6850403547286987,1.0,0.56
279010,0.6230776309967041,0.6850403547286987,1.0,0.46
279100,0.6230776309967041,0.6850403547286987,1.0,0.52
279190,0.6230776309967041,0.6850403547286987,1.0,0.63
279280,0.6230776309967041,0.6850403547286987,1.0,0.50
279370,0.6230776309967041,0.6850403547286987,1.0,0.40
279460,0.6230776309967041,0.6850403547286987,1.0,0.42
279550,0.6230776309967041,0.6850403547286987,1.0,0.49
279640,0.6230776309967041,0.6850403547286987,1.0,0.58
279730,0.6230776309967041,0.6850403547286987,1.0,0.41
279820,0.6230776309967041,0.6850403547286987,1.0,0.40
279910,0.6230776309967041,0.6850403547286987,1.0,0.49
280000,0.6230776309967041,0.6850403547286987,1.0,0.43
280090,0.6230776309967041,0.6850403547286987,1.0,0.62
280180,0.6230776309967041,0.6850403547286987,1.0,0.53
280270,0.6230776309967041,0.6850403547286987,1.0,0.52
280360,0.6230776309967041,0.6850403547286987,1.0,0.49
280450,0.6230776309967041,0.6850403547286987,1.0,0.36
280540,0.6230776309967041,0.6850403547286987,1.0,0.52
280630,0.6230776309967041,0.6850403547286987,1.0,0.58
280720,0.6230776309967041,0.6850403547286987,1.0,0.55
280810,0.6230776309967041,0.6850403547286987,1.0,0.48
280900,0.6230776309967041,0.6850403547286987,1.0,0.53
280990,0.6230776309967041,0.6850403547286987,1.0,0.42
281080,0.6230776309967041,0.6850403547286987,1.0,0.59
281170,0.6230776309967041,0.6850403547286987,1.0,0.59
281260,0.6230776309967041,0.6850403547286987,1.0,0.55
281350,0.6230776309967041,0.6850403547286987,1.0,0.47
281440,0.6230776309967041,0.6850403547286987,1.0,0.57
281530,0.6230776309967041,0.6850403547286987,1.0,0.59
281620,0.6230776309967041,0.6850403547286987,1.0,0.58
281710,0.6230776309967041,0.6850403547286987,1.0,0.57
281800,0.6230776309967041,0.6850403547286987,1.0,0.59
281890,0.6230776309967041,0.6850403547286987,1.0,0.55
281980,0.6230776309967041,0.6850403547286987,1.0,0.39
282070,0.6230776309967041,0.6850403547286987,1.0,0.40
282160,0.6230776309967041,0.6850403547286987,1.0,0.39
282250,0.6230776309967041,0.6850403547286987,1.0,0.41
282340,0.6230776309967041,0.6850403547286987,1.0,0.60
282430,0.6230776309967041,0.6850403547286987,1.0,0.57
282520,0.6230776309967041,0.6850403547286987,1.0,0.57
282610,0.6230776309967041,0.6850403547286987,1.0,0.59
282700,0.6230776309967041,0.6850403547286987,1.0,0.53
282790,0.6230776309967041,0.6850403547286987,1.0,0.40
282880,0.6230776309967041,0.6850403547286987,1.0,0.48
282970,0.6230776309967041,0.6850403547286987,1.0,0.49
283060,0.6230776309967041,0.6850403547286987,1.0,0.50
283150,0.6230776309967041,0.6850403547286987,1.0,0.43
283240,0.6230776309967041,0.6850403547286987,1.0,0.43
283330,0.6230776309967041,0.6850403547286987,1.0,0.47
283420,0.6230776309967041,0.6850403547286987,1.0,0.51
283510,0.6230776309967041,0.6850403547286987,1.0,0.48
283600,0.6230776309967041,0.6850403547286987,1.0,0.47
283690,0.6230776309967041,0.6850403547286987,1.0,0.60
283780,0.6230776309967041,0.6850403547286987,1.0,0.52
283870,0.6230776309967041,0.6850403547286987,1.0,0.58
283960,0.6230776309967041,0.6850403547286987,1.0,0.59
284050,0.6230776309967041,0.6850403547286987,1.0,0.47
284140,0.6230776309967041,0.6850403547286987,1.0,0.37
284230,0.6230776309967041,0.6850403547286987,1.0,0.56
284320,0.6230776309967041,0.6850403547286987,1.0,0.57
284410,0.6230776309967041,0.6850403547286987,1.0,0.50
284500,0.6230776309967041,0.6850403547286987,1.0,0.44
284590,0.6230776309967041,0.6850403547286987,1.0,0.45
284680,0.6230776309967041,0.6850403547286987,1.0,0.55
284770,0.6230776309967041,0.6850403547286987,1.0,0.45
284860,0.6230776309967041,0.6850403547286987,1.0,0.57
284950,0.6230776309967041,0.6850403547286987,1.0,0.55
285040,0.6230776309967041,0.6850403547286987,1.0,0.49
285130,0.6230776309967041,0.6850403547286987,1.0,0.42
285220,0.6230776309967041,0.6850403547286987,1.0,0.53
285310,0.6230776309967041,0.6850403547286987,1.0,0.52
285400,0.6230776309967041,0.6850403547286987,1.0,0.37
285490,0.6230776309967041,0.6850403547286987,1.0,0.49
285580,0.6230776309967041,0.6850403547286987,1.0,0.43
285670,0.6230776309967041,0.6850403547286987,1.0,0.41
285760,0.6230776309967041,0.6850403547286987,1.0,0.48
285850,0.6230776309967041,0.6850403547286987,1.0,0.36
285940,0.6230776309967041,0.6850403547286987,1.0,0.57
286030,0.6230776309967041,0.6850403547286987,1.0,0.51
286120,0.6230776309967041,0.6850403547286987,1.0,0.38
286210,0.6230776309967041,0.6850403547286987,1.0,0.59
286300,0.6230776309967041,0.6850403547286987,1.0,0.55
286390,0.6230776309967041,0.6850403547286987,1.0,0.53
286480,0.6230776309967041,0.6850403547286987,1.0,0.44
286570,0.6230776309967041,0.6850403547286987,1.0,0.44
286660,0.6230776309967041,0.6850403547286987,1.0,0.39
286750,0.6230776309967041,0.6850403547286987,1.0,0.49
286840,0.6230776309967041,0.6850403547286987,1.0,0.54
286930,0.6230776309967041,0.6850403547286987,1.0,0.40
287020,0.6230776309967041,0.6850403547286987,1.0,0.56
287110,0.6230776309967041,0.6850403547286987,1.0,0.58
287200,0.6230776309967041,0.6850403547286987,1.0,0.60
287290,0.6230776309967041,0.6850403547286987,1.0,0.60
287380,0.6230776309967041,0.6850403547286987,1.0,0.53
287470,0.6230776309967041,0.6850403547286987,1.0,0.47
287560,0.6230776309967041,0.6850403547286987,1.0,0.49
287650,0.6230776309967041,0.6850403547286987,1.0,0.53
287740,0.6230776309967041,0.6850403547286987,1.0,0.60
287830,0.6230776309967041,0.6850403547286987,1.0,0.52
287920,0.6230776309967041,0.6850403547286987,1.0,0.59
288010,0.6230776309967041,0.6850403547286987,1.0,0.46
288100,0.6230776309967041,0.6850403547286987,1.0,0.51
288190,0.6230776309967041,0.6850403547286987,1.0,0.64
288280,0.6230776309967041,0.6850403547286987,1.0,0.58
288370,0.6230776309967041,0.6850403547286987,1.0,0.51
288460,0.6230776309967041,0.6850403547286987,1.0,0.55
288550,0.6230776309967041,0.6850403547286987,1.0,0.38
288640,0.6230776309967041,0.6850403547286987,1.0,0.62
288730,0.6230776309967041,0.6850403547286987,1.0,0.39
288820,0.6230776309967041,0.6850403547286987,1.0,0.42
288910,0.6230776309967041,0.6850403547286987,1.0,0.46
289000,0.6230776309967041,0.6850403547286987,1.0,0.44
289090,0.6230776309967041,0.6850403547286987,1.0,0.46
289180,0.6230776309967041,0.6850403547286987,1.0,0.38
289270,0.6230776309967041,0.6850403547286987,1.0,0.54
289360,0.6230776309967041,0.6850403547286987,1.0,0.45
289450,0.6230776309967041,0.6850403547286987,1.0,0.37
289540,0.6230776309967041,0.6850403547286987,1.0,0.58
289630,0.6230776309967041,0.6850403547286987,1.0,0.53
289720,0.6230776309967041,0.6850403547286987,1.0,0.44
289810,0.6230776309967041,0.6850403547286987,1.0,0.55
289900,0.6230776309967041,0.6850403547286987,1.0,0.46
289990,0.6230776309967041,0.6850403547286987,1.0,0.47
290080,0.6230776309967041,0.6850403547286987,1.0,0.57
290170,0.6230776309967041,0.6850403547286987,1.0,0.57
290260,0.6230776309967041,0.6850403547286987,1.0,0.52
290350,0.6230776309967041,0.6850403547286987,1.0,0.46
290440,0.6230776309967041,0.6850403547286987,1.0,0.59
290530,0.6230776309967041,0.6850403547286987,1.0,0.47
290620,0.6230776309967041,0.6850403547286987,1.0,0.42
290710,0.6230776309967041,0.6850403547286987,1.0,0.48
290800,0.6230776309967041,0.6850403547286987,1.0,0.57
290890,0.6230776309967041,0.6850403547286987,1.0,0.38
290980,0.6230776309967041,0.6850403547286987,1.0,0.56
291070,0.6230776309967041,0.6850403547286987,1.0,0.40
291160,0.6230776309967041,0.6850403547286987,1.0,0.38
291250,0.6230776309967041,0.6850403547286987,1.0,0.40
291340,0.6230776309967041,0.6850403547286987,1.0,0.41
291430,0.6230776309967041,0.6850403547286987,1.0,0.55
291520,0.6230776309967041,0.6850403547286987,1.0,0.39
291610,0.6230776309967041,0.6850403547286987,1.0,0.46
291700,0.6230776309967041,0.6850403547286987,1.0,0.59
291790,0.6230776309967041,0.6850403547286987,1.0,0.44
291880,0.6230776309967041,0.6850403547286987,1.0,0.59
291970,0.6230776309967041,0.6850403547286987,1.0,0.45
292060,0.6230776309967041,0.6850403547286987,1.0,0.49
292150,0.6230776309967041,0.6850403547286987,1.0,0.55
292240,0.6230776309967041,0.6850403547286987,1.0,0.45
292330,0.6230776309967041,0.6850403547286987,1.0,0.57
292420,0.6230776309967041,0.6850403547286987,1.0,0.58
292510,0.6230776309967041,0.6850403547286987,1.0,0.57
292600,0.6230776309967041,0.6850403547286987,1.0,0.61
292690,0.6230776309967041,0.6850403547286987,1.0,0.55
292780,0.6230776309967041,0.6850403547286987,1.0,0.50
292870,0.6230776309967041,0.6850403547286987,1.0,0.48
292960,0.6230776309967041,0.6850403547286987,1.0,0.41
293050,0.6230776309967041,0.6850403547286987,1.0,0.40
293140,0.6230776309967041,0.6850403547286987,1.0,0.45
293230,0.6230776309967041,0.6850403547286987,1.0,0.40
293320,0.6230776309967041,0.6850403547286987,1.0,0.41
293410,0.6230776309967041,0.6850403547286987,1.0,0.44
293500,0.6230776309967041,0.6850403547286987,1.0,0.50
293590,0.6230776309967041,0.6850403547286987,1.0,0.40
293680,0.6230776309967041,0.6850403547286987,1.0,0.57
293770,0.6230776309967041,0.6850403547286987,1.0,0.57
293860,0.6230776309967041,0.6850403547286987,1.0,0.42
293950,0.6230776309967041,0.6850403547286987,1.0,0.53
294040,0.6230776309967041,0.6850403547286987,1.0,0.54
294130,0.6230776309967041,0.6850403547286987,1.0,0.44
294220,0.6230776309967041,0.6850403547286987,1.0,0.49
294310,0.6230776309967041,0.6850403547286987,1.0,0.52
294400,0.6230776309967041,0.6850403547286987,1.0,0.50
294490,0.6230776309967041,0.6850403547286987,1.0,0.40
294580,0.6230776309967041,0.6850403547286987,1.0,0.50
294670,0.6230776309967041,0.6850403547286987,1.0,0.39
294760,0.6230776309967041,0.6850403547286987,1.0,0.52
294850,0.6230776309967041,0.6850403547286987,1.0,0.50
294940,0.6230776309967041,0.6850403547286987,1.0,0.46
295030,0.6230776309967041,0.6850403547286987,1.0,0.47
295120,0.6230776309967041,0.6850403547286987,1.0,0.40
295210,0.6230776309967041,0.6850403547286987,1.0,0.38
295300,0.6230776309967041,0.6850403547286987,1.0,0.54
295390,0.6230776309967041,0.6850403547286987,1.0,0.53
295480,0.6230776309967041,0.6850403547286987,1.0,0.40
295570,0.6230776309967041,0.6850403547286987,1.0,0.58
295660,0.6230776309967041,0.6850403547286987,1.0,0.48
295750,0.6230776309967041,0.6850403547286987,1.0,0.38
295840,0.6230776309967041,0.6850403547286987,1.0,0.43
295930,0.6230776309967041,0.6850403547286987,1.0,0.56
296020,0.6230776309967041,0.6850403547286987,1.0,0.42
296110,0.6230776309967041,0.6850403547286987,1.0,0.54
296200,0.6230776309967041,0.6850403547286987,1.0,0.46
296290,0.6230776309967041,0.6850403547286987,1.0,0.55
296380,0.6230776309967041,0.6850403547286987,1.0,0.44
296470,0.6230776309967041,0.6850403547286987,1.0,0.57
296560,0.6230776309967041,0.6850403547286987,1.0,0.47
296650,0.6230776309967041,0.6850403547286987,1.0,0.49
296740,0.6230776309967041,0.6850403547286987,1.0,0.58
296830,0.6230776309967041,0.6850403547286987,1.0,0.46
296920,0.6230776309967041,0.6850403547286987,1.0,0.59
297010,0.6230776309967041,0.6850403547286987,1.0,0.37
297100,0.6230776309967041,0.6850403547286987,1.0,0.39
297190,0.6230776309967041,0.6850403547286987,1.0,0.61
297280,0.6230776309967041,0.6850403547286987,1.0,0.53
297370,0.6230776309967041,0.6850403547286987,1.0,0.38
297460,0.6230776309967041,0.6850403547286987,1.0,0.56
297550,0.6230776309967041,0.6850403547286987,1.0,0.39
297640,0.6230776309967041,0.6850403547286987,1.0,0.60
297730,0.6230776309967041,0.6850403547286987,1.0,0.39
297820,0.6230776309967041,0.6850403547286987,1.0,0.46
297910,0.6230776309967041,0.6850403547286987,1.0,0.55
298000,0.6230776309967041,0.6850403547286987,1.0,0.39
298090,0.6230776309967041,0.6850403547286987,1.0,0.44
298180,0.6230776309967041,0.6850403547286987,1.0,0.47
298270,0.6230776309967041,0.6850403547286987,1.0,0.46
298360,0.6230776309967041,0.6850403547286987,1.0,0.60
298450,0.6230776309967041,0.6850403547286987,1.0,0.46
298540,0.6230776309967041,0.6850403547286987,1.0,0.54
298630,0.6230776309967041,0.6850403547286987,1.0,0.55
298720,0.6230776309967041,0.6850403547286987,1.0,0.42
298810,0.6230776309967041,0.6850403547286987,1.0,0.57
298900,0.6230776309967041,0.6850403547286987,1.0,0.48
298990,0.6230776309967041,0.6850403547286987,1.0,0.44
299080,0.6230776309967041,0.6850403547286987,1.0,0.44
299170,0.6230776309967041,0.6850403547286987,1.0,0.51
299260,0.6230776309967041,0.6850403547286987,1.0,0.38
299350,0.6230776309967041,0.6850403547286987,1.0,0.50
299440,0.6230776309967041,0.6850403547286987,1.0,0.49
299530,0.6230776309967041,0.6850403547286987,1.0,0.51
299620,0.6230776309967041,0.6850403547286987,1.0,0.40
299710,0.6230776309967041,0.6850403547286987,1.0,0.57
299800,0.6230776309967041,0.6850403547286987,1.0,0.39
299890,0.6230776309967041,0.6850403547286987,1.0,0.52
299980,0.6230776309967041,0.6850403547286987,1.0,0.41
300070,0.6230776309967041,0.6850403547286987,1.0,0.59
300160,0.6230776309967041,0.6850403547286987,1.0,0.57
300250,0.6230776309967041,0.6850403547286987,1.0,0.54
300340,0.6230776309967041,0.6850403547286987,1.0,0.52
300430,0.6230776309967041,0.6850403547286987,1.0,0.47
300520,0.6230776309967041,0.6850403547286987,1.0,0.45
300610,0.6230776309967041,0.6850403547286987,1.0,0.56
300700,0.6230776309967041,0.6850403547286987,1.0,0.44
300790,0.6230776309967041,0.6850403547286987,1.0,0.50
300880,0.6230776309967041,0.6850403547286987,1.0,0.48
300970,0.6230776309967041,0.6850403547286987,1.0,0.39
301060,0.6230776309967041,0.6850403547286987,1.0,0.52
301150,0.6230776309967041,0.6850403547286987,1.0,0.45
301240,0.6230776309967041,0.6850403547286987,1.0,0.53
301330,0.6230776309967041,0.6850403547286987,1.0,0.38
301420,0.6230776309967041,0.6850403547286987,1.0,0.53
301510,0.6230776309967041,0.6850403547286987,1.0,0.49
301600,0.6230776309967041,0.6850403547286987,1.0,0.52
301690,0.6230776309967041,0.6850403547286987,1.0,0.59
301780,0.6230776309967041,0.6850403547286987,1.0,0.52
301870,0.6230776309967041,0.6850403547286987,1.0,0.59
301960,0.6230776309967041,0.6850403547286987,1.0,0.54
302050,0.6230776309967041,0.6850403547286987,1.0,0.46
302140,0.6230776309967041,0.6850403547286987,1.0,0.43
302230,0.6230776309967041,0.6850403547286987,1.0,0.49
302320,0.6230776309967041,0.6850403547286987,1.0,0.54
302410,0.6230776309967041,0.6850403547286987,1.0,0.59
302500,0.6230776309967041,0.6850403547286987,1.0,0.54
302590,0.6230776309967041,0.6850403547286987,1.0,0.41
302680,0.6230776309967041,0.6850403547286987,1.0,0.53
302770,0.6230776309967041,0.6850403547286987,1.0,0.43
302860,0.6230776309967041,0.6850403547286987,1.0,0.40
302950,0.6230776309967041,0.6850403547286987,1.0,0.42
303040,0.6230776309967041,0.6850403547286987,1.0,0.55
303130,0.6230776309967041,0.6850403547286987,1.0,0.52
303220,0.6230776309967041,0.6850403547286987,1.0,0.41
303310,0.6230776309967041,0.6850403547286987,1.0,0.46
303400,0.6230776309967041,0.6850403547286987,1.0,0.46
303490,0.6230776309967041,0.6850403547286987,1.0,0.42
303580,0.6230776309967041,0.6850403547286987,1.0,0.48
303670,0.6230776309967041,0.6850403547286987,1.0,0.53
303760,0.6230776309967041,0.6850403547286987,1.0,0.54
303850,0.6230776309967041,0.6850403547286987,1.0,0.47
303940,0.6230776309967041,0.6850403547286987,1.0,0.50
304030,0.6230776309967041,0.6850403547286987,1.0,0.54
304120,0.6230776309967041,0.6850403547286987,1.0,0.38
304210,0.6230776309967041,0.6850403547286987,1.0,0.38
304300,0.6230776309967041,0.6850403547286987,1.0,0.43
304390,0.6230776309967041,0.6850403547286987,1.0,0.54
304480,0.6230776309967041,0.6850403547286987,1.0,0.38
304570,0.6230776309967041,0.6850403547286987,1.0,0.46
304660,0.6230776309967041,0.6850403547286987,1.0,0.62
304750,0.6230776309967041,0.6850403547286987,1.0,0.50
304840,0.6230776309967041,0.6850403547286987,1.0,0.45
304930,0.6230776309967041,0.6850403547286987,1.0,0.43
305020,0.6230776309967041,0.6850403547286987,1.0,0.53
305110,0.6230776309967041,0.6850403547286987,1.0,0.42
305200,0.6230776309967041,0.6850403547286987,1.0,0.38
305290,0.6230776309967041,0.6850403547286987,1.0,0.40
305380,0.6230776309967041,0.6850403547286987,1.0,0.52
305470,0.6230776309967041,0.6850403547286987,1.0,0.52
305560,0.6230776309967041,0.6850403547286987,1.0,0.43
305650,0.6230776309967041,0.6850403547286987,1.0,0.52
305740,0.6230776309967041,0.6850403547286987,1.0,0.57
305830,0.6230776309967041,0.6850403547286987,1.0,0.60
305920,0.6230776309967041,0.6850403547286987,1.0,0.50
306010,0.6230776309967041,0.6850403547286987,1.0,0.58
306100,0.6230776309967041,0.6850403547286987,1.0,0.58
306190,0.6230776309967041,0.6850403547286987,1.0,0.62
306280,0.6230776309967041,0.6850403547286987,1.0,0.62
306370,0.6230776309967041,0.6850403547286987,1.0,0.59
306460,0.6230776309967041,0.6850403547286987,1.0,0.54
306550,0.6230776309967041,0.6850403547286987,1.0,0.43
306640,0.6230776309967041,0.6850403547286987,1.0,0.42
306730,0.6230776309967041,0.6850403547286987,1.0,0.55
306820,0.6230776309967041,0.6850403547286987,1.0,0.44
306910,0.6230776309967041,0.6850403547286987,1.0,0.60
307000,0.6230776309967041,0.6850403547286987,1.0,0.59
307090,0.6230776309967041,0.6850403547286987,1.0,0.41
307180,0.6230776309967041,0.6850403547286987,1.0,0.49
307270,0.6230776309967041,0.6850403547286987,1.0,0.52
307360,0.6230776309967041,0.6850403547286987,1.0,0.42
307450,0.6230776309967041,0.6850403547286987,1.0,0.50
307540,0.6230776309967041,0.6850403547286987,1.0,0.38
307630,0.6230776309967041,0.6850403547286987,1.0,0.54
307720,0.6230776309967041,0.6850403547286987,1.0,0.47
307810,0.6230776309967041,0.6850403547286987,1.0,0.58
307900,0.6230776309967041,0.6850403547286987,1.0,0.60
307990,0.6230776309967041,0.6850403547286987,1.0,0.41
308080,0.6230776309967041,0.6850403547286987,1.0,0.55
308170,0.6230776309967041,0.6850403547286987,1.0,0.43
308260,0.6230776309967041,0.6850403547286987,1.0,0.39
308350,0.6230776309967041,0.6850403547286987,1.0,0.52
308440,0.6230776309967041,0.6850403547286987,1.0,0.39
308530,0.6230776309967041,0.6850403547286987,1.0,0.36
308620,0.6230776309967041,0.6850403547286987,1.0,0.57
308710,0.6230776309967041,0.6850403547286987,1.0,0.60
308800,0.6230776309967041,0.6850403547286987,1.0,0.49
308890,0.6230776309967041,0.6850403547286987,1.0,0.60
308980,0.6230776309967041,0.6850403547286987,1.0,0.59
309070,0.6230776309967041,0.6850403547286987,1.0,0.54
309160,0.6230776309967041,0.6850403547286987,1.0,0.58
309250,0.6230776309967041,0.6850403547286987,1.0,0.52
309340,0.6230776309967041,0.6850403547286987,1.0,0.60
309430,0.6230776309967041,0.6850403547286987,1.0,0.43
309520,0.6230776309967041,0.6850403547286987,1.0,0.53
309610,0.6230776309967041,0.6850403547286987,1.0,0.40
309700,0.6230776309967041,0.6850403547286987,1.0,0.45
309790,0.6230776309967041,0.6850403547286987,1.0,0.54
309880,0.6230776309967041,0.6850403547286987,1.0,0.40
309970,0.6230776309967041,0.6850403547286987,1.0,0.44
310060,0.6230776309967041,0.6850403547286987,1.0,0.54
310150,0.6230776309967041,0.6850403547286987,1.0,0.50
310240,0.6230776309967041,0.6850403547286987,1.0,0.51
310330,0.6230776309967041,0.6850403547286987,1.0,0.51
310420,0.6230776309967041,0.6850403547286987,1.0,0.42
310510,0.6230776309967041,0.6850403547286987,1.0,0.44
310600,0.6230776309967041,0.6850403547286987,1.0,0.50
310690,0.6230776309967041,0.6850403547286987,1.0,0.57
310780,0.6230776309967041,0.6850403547286987,1.0,0.37
310870,0.6230776309967041,0.6850403547286987,1.0,0.48
310960,0.6230776309967041,0.6850403547286987,1.0,0.60
311050,0.6230776309967041,0.6850403547286987,1.0,0.45
311140,0.6230776309967041,0.6850403547286987,1.0,0.48
311230,0.6230776309967041,0.6850403547286987,1.0,0.56
311320,0.6230776309967041,0.6850403547286987,1.0,0.60
311410,0.6230776309967041,0.6850403547286987,1.0,0.40
311500,0.6230776309967041,0.6850403547286987,1.0,0.44
311590,0.6230776309967041,0.6850403547286987,1.0,0.45
311680,0.6230776309967041,0.6850403547286987,1.0,0.61
311770,0.6230776309967041,0.6850403547286987,1.0,0.54
311860,0.6230776309967041,0.6850403547286987,1.0,0.51
311950,0.6230776309967041,0.6850403547286987,1.0,0.56
312040,0.6230776309967041,0.6850403547286987,1.0,0.45
312130,0.6230776309967041,0.6850403547286987,1.0,0.51
312220,0.6230776309967041,0.6850403547286987,1.0,0.44
312310,0.6230776309967041,0.6850403547286987,1.0,0.45
312400,0.6230776309967041,0.6850403547286987,1.0,0.60
312490,0.6230776309967041,0.6850403547286987,1.0,0.55
312580,0.6230776309967041,0.6850403547286987,1.0,0.45
312670,0.6230776309967041,0.6850403547286987,1.0,0.57
312760,0.6230776309967041,0.6850403547286987,1.0,0.39
312850,0.6230776309967041,0.6850403547286987,1.0,0.48
312940,0.6230776309967041,0.6850403547286987,1.0,0.48
313030,0.6230776309967041,0.6850403547286987,1.0,0.43
313120,0.6230776309967041,0.6850403547286987,1.0,0.38
313210,0.6230776309967041,0.6850403547286987,1.0,0.50
313300,0.6230776309967041,0.6850403547286987,1.0,0.56
313390,0.6230776309967041,0.6850403547286987,1.0,0.45
313480,0.6230776309967041,0.6850403547286987,1.0,0.56
313570,0.6230776309967041,0.6850403547286987,1.0,0.39
313660,0.6230776309967041,0.6850403547286987,1.0,0.37
313750,0.6230776309967041,0.6850403547286987,1.0,0.52
313840,0.6230776309967041,0.6850403547286987,1.0,0.44
313930,0.6230776309967041,0.6850403547286987,1.0,0.57
314020,0.6230776309967041,0.6850403547286987,1.0,0.54
314110,0.6230776309967041,0.6850403547286987,1.0,0.54
314200,0.6230776309967041,0.6850403547286987,1.0,0.49
314290,0.6230776309967041,0.6850403547286987,1.0,0.45
314380,0.6230776309967041,0.6850403547286987,1.0,0.51
314470,0.6230776309967041,0.6850403547286987,1.0,0.55
314560,0.6230776309967041,0.6850403547286987,1.0,0.39
314650,0.6230776309967041,0.6850403547286987,1.0,0.48
314740,0.6230776309967041,0.6850403547286987,1.0,0.40
314830,0.6230776309967041,0.6850403547286987,1.0,0.57
314920,0.6230776309967041,0.6850403547286987,1.0,0.59
315010,0.6230776309967041,0.6850403547286987,1.0,0.39
315100,0.6230776309967041,0.6850403547286987,1.0,0.49
315190,0.6230776309967041,0.6850403547286987,1.0,0.76
315280,0.6230776309967041,0.6850403547286987,1.0,0.46
315370,0.6230776309967041,0.6850403547286987,1.0,0.54
315460,0.6230776309967041,0.6850403547286987,1.0,0.44
315550,0.6230776309967041,0.6850403547286987,1.0,0.50
315640,0.6230776309967041,0.6850403547286987,1.0,0.51
315730,0.6230776309967041,0.6850403547286987,1.0,0.48
315820,0.6230776309967041,0.6850403547286987,1.0,0.54
315910,0.6230776309967041,0.6850403547286987,1.0,0.43
316000,0.6230776309967041,0.6850403547286987,1.0,0.46
316090,0.6230776309967041,0.6850403547286987,1.0,0.52
316180,0.6230776309967041,0.6850403547286987,1.0,0.48
316270,0.6230776309967041,0.6850403547286987,1.0,0.46
316360,0.6230776309967041,0.6850403547286987,1.0,0.58
316450,0.6230776309967041,0.6850403547286987,1.0,0.59
316540,0.6230776309967041,0.6850403547286987,1.0,0.51
316630,0.6230776309967041,0.6850403547286987,1.0,0.41
316720,0.6230776309967041,0.6850403547286987,1.0,0.49
316810,0.6230776309967041,0.6850403547286987,1.0,0.42
316900,0.6230776309967041,0.6850403547286987,1.0,0.39
316990,0.6230776309967041,0.6850403547286987,1.0,0.39
317080,0.6230776309967041,0.6850403547286987,1.0,0.60
317170,0.6230776309967041,0.6850403547286987,1.0,0.40
317260,0.6230776309967041,0.6850403547286987,1.0,0.46
317350,0.6230776309967041,0.6850403547286987,1.0,0.54
317440,0.6230776309967041,0.6850403547286987,1.0,0.51
317530,0.6230776309967041,0.6850403547286987,1.0,0.55
317620,0.6230776309967041,0.6850403547286987,1.0,0.58
317710,0.6230776309967041,0.6850403547286987,1.0,0.42
317800,0.6230776309967041,0.6850403547286987,1.0,0.49
317890,0.6230776309967041,0.6850403547286987,1.0,0.53
317980,0.6230776309967041,0.6850403547286987,1.0,0.59
318070,0.6230776309967041,0.6850403547286987,1.0,0.43
318160,0.6230776309967041,0.6850403547286987,1.0,0.48
318250,0.6230776309967041,0.6850403547286987,1.0,0.43
318340,0.6230776309967041,0.6850403547286987,1.0,0.56
318430,0.6230776309967041,0.6850403547286987,1.0,0.46
318520,0.6230776309967041,0.6850403547286987,1.0,0.52
318610,0.6230776309967041,0.6850403547286987,1.0,0.50
318700,0.6230776309967041,0.6850403547286987,1.0,0.55
318790,0.6230776309967041,0.6850403547286987,1.0,0.50
318880,0.6230776309967041,0.6850403547286987,1.0,0.47
318970,0.6230776309967041,0.6850403547286987,1.0,0.54
319060,0.6230776309967041,0.6850403547286987,1.0,0.43
319150,0.6230776309967041,0.6850403547286987,1.0,0.53
319240,0.6230776309967041,0.6850403547286987,1.0,0.38
319330,0.6230776309967041,0.6850403547286987,1.0,0.59
319420,0.6230776309967041,0.6850403547286987,1.0,0.53
319510,0.6230776309967041,0.6850403547286987,1.0,0.39
319600,0.6230776309967041,0.6850403547286987,1.0,0.57
319690,0.6230776309967041,0.6850403547286987,1.0,0.56
319780,0.6230776309967041,0.6850403547286987,1.0,0.59
319870,0.6230776309967041,0.6850403547286987,1.0,0.39
319960,0.6230776309967041,0.6850403547286987,1.0,0.46
320050,0.6230776309967041,0.6850403547286987,1.0,0.56
320140,0.6230776309967041,0.6850403547286987,1.0,0.54
320230,0.6230776309967041,0.6850403547286987,1.0,0.60
320320,0.6230776309967041,0.6850403547286987,1.0,0.51
320410,0.6230776309967041,0.6850403547286987,1.0,0.62
320500,0.6230776309967041,0.6850403547286987,1.0,0.49
320590,0.6230776309967041,0.6850403547286987,1.0,0.53
320680,0.6230776309967041,0.6850403547286987,1.0,0.62
320770,0.6230776309967041,0.6850403547286987,1.0,0.47
320860,0.6230776309967041,0.6850403547286987,1.0,0.50
320950,0.6230776309967041,0.6850403547286987,1.0,0.51
321040,0.6230776309967041,0.6850403547286987,1.0,0.51
321130,0.6230776309967041,0.6850403547286987,1.0,0.58
321220,0.6230776309967041,0.6850403547286987,1.0,0.41
321310,0.6230776309967041,0.6850403547286987,1.0,0.49
321400,0.6230776309967041,0.6850403547286987,1.0,0.49
321490,0.6230776309967041,0.6850403547286987,1.0,0.36
321580,0.6230776309967041,0.6850403547286987,1.0,0.50
321670,0.6230776309967041,0.6850403547286987,1.0,0.60
321760,0.6230776309967041,0.6850403547286987,1.0,0.57
321850,0.6230776309967041,0.6850403547286987,1.0,0.59
321940,0.6230776309967041,0.6850403547286987,1.0,0.45
322030,0.6230776309967041,0.6850403547286987,1.0,0.44
322120,0.6230776309967041,0.6850403547286987,1.0,0.55
322210,0.6230776309967041,0.6850403547286987,1.0,0.55
322300,0.6230776309967041,0.6850403547286987,1.0,0.52
322390,0.6230776309967041,0.6850403547286987,1.0,0.50
322480,0.6230776309967041,0.6850403547286987,1.0,0.51
322570,0.6230776309967041,0.6850403547286987,1.0,0.62
322660,0.6230776309967041,0.6850403547286987,1.0,0.42
322750,0.6230776309967041,0.6850403547286987,1.0,0.48
322840,0.6230776309967041,0.6850403547286987,1.0,0.39
322930,0.6230776309967041,0.6850403547286987,1.0,0.41
323020,0.6230776309967041,0.6850403547286987,1.0,0.58
323110,0.6230776309967041,0.6850403547286987,1.0,0.47
323200,0.6230776309967041,0.6850403547286987,1.0,0.44
323290,0.6230776309967041,0.6850403547286987,1.0,0.53
323380,0.6230776309967041,0.6850403547286987,1.0,0.56
323470,0.6230776309967041,0.6850403547286987,1.0,0.40
323560,0.6230776309967041,0.6850403547286987,1.0,0.51
323650,0.6230776309967041,0.6850403547286987,1.0,0.49
323740,0.6230776309967041,0.6850403547286987,1.0,0.47
323830,0.6230776309967041,0.6850403547286987,1.0,0.43
323920,0.6230776309967041,0.6850403547286987,1.0,0.57
324010,0.6230776309967041,0.6850403547286987,1.0,0.42
324100,0.6230776309967041,0.6850403547286987,1.0,0.44
324190,0.6230776309967041,0.6850403547286987,1.0,0.65
324280,0.6230776309967041,0.6850403547286987,1.0,0.59
324370,0.6230776309967041,0.6850403547286987,1.0,0.61
324460,0.6230776309967041,0.6850403547286987,1.0,0.53
324550,0.6230776309967041,0.6850403547286987,1.0,0.51
324640,0.6230776309967041,0.6850403547286987,1.0,0.60
324730,0.6230776309967041,0.6850403547286987,1.0,0.45
324820,0.6230776309967041,0.6850403547286987,1.0,0.58
324910,0.6230776309967041,0.6850403547286987,1.0,0.51
325000,0.6230776309967041,0.6850403547286987,1.0,0.51
325090,0.6230776309967041,0.6850403547286987,1.0,0.41
325180,0.6230776309967041,0.6850403547286987,1.0,0.59
325270,0.6230776309967041,0.6850403547286987,1.0,0.51
325360,0.6230776309967041,0.6850403547286987,1.0,0.46
325450,0.6230776309967041,0.6850403547286987,1.0,0.37
325540,0.6230776309967041,0.6850403547286987,1.0,0.46
325630,0.6230776309967041,0.6850403547286987,1.0,0.55
325720,0.6230776309967041,0.6850403547286987,1.0,0.54
325810,0.6230776309967041,0.6850403547286987,1.0,0.45
325900,0.6230776309967041,0.6850403547286987,1.0,0.41
325990,0.6230776309967041,0.6850403547286987,1.0,0.59
326080,0.6230776309967041,0.6850403547286987,1.0,0.57
326170,0.6230776309967041,0.6850403547286987,1.0,0.52
326260,0.6230776309967041,0.6850403547286987,1.0,0.54
326350,0.6230776309967041,0.6850403547286987,1.0,0.41
326440,0.6230776309967041,0.6850403547286987,1.0,0.40
326530,0.6230776309967041,0.6850403547286987,1.0,0.39
326620,0.6230776309967041,0.6850403547286987,1.0,0.38
326710,0.6230776309967041,0.6850403547286987,1.0,0.56
326800,0.6230776309967041,0.6850403547286987,1.0,0.49
326890,0.6230776309967041,0.6850403547286987,1.0,0.47
326980,0.6230776309967041,0.6850403547286987,1.0,0.44
327070,0.6230776309967041,0.6850403547286987,1.0,0.50
327160,0.6230776309967041,0.6850403547286987,1.0,0.57
327250,0.6230776309967041,0.6850403547286987,1.0,0.51
327340,0.6230776309967041,0.6850403547286987,1.0,0.58
327430,0.6230776309967041,0.6850403547286987,1.0,0.50
327520,0.6230776309967041,0.6850403547286987,1.0,0.43
327610,0.6230776309967041,0.6850403547286987,1.0,0.42
327700,0.6230776309967041,0.6850403547286987,1.0,0.54
327790,0.6230776309967041,0.6850403547286987,1.0,0.47
327880,0.6230776309967041,0.6850403547286987,1.0,0.52
327970,0.6230776309967041,0.6850403547286987,1.0,0.48
328060,0.6230776309967041,0.6850403547286987,1.0,0.60
328150,0.6230776309967041,0.6850403547286987,1.0,0.58
328240,0.6230776309967041,0.6850403547286987,1.0,0.41
328330,0.6230776309967041,0.6850403547286987,1.0,0.50
328420,0.6230776309967041,0.6850403547286987,1.0,0.43
328510,0.6230776309967041,0.6850403547286987,1.0,0.54
328600,0.6230776309967041,0.6850403547286987,1.0,0.37
328690,0.6230776309967041,0.6850403547286987,1.0,0.51
328780,0.6230776309967041,0.6850403547286987,1.0,0.46
328870,0.6230776309967041,0.6850403547286987,1.0,0.46
328960,0.6230776309967041,0.6850403547286987,1.0,0.46
329050,0.6230776309967041,0.6850403547286987,1.0,0.42
329140,0.6230776309967041,0.6850403547286987,1.0,0.44
329230,0.6230776309967041,0.6850403547286987,1.0,0.56
329320,0.6230776309967041,0.6850403547286987,1.0,0.46
329410,0.6230776309967041,0.6850403547286987,1.0,0.57
329500,0.6230776309967041,0.6850403547286987,1.0,0.43
329590,0.6230776309967041,0.6850403547286987,1.0,0.43
329680,0.6230776309967041,0.6850403547286987,1.0,0.58
329770,0.6230776309967041,0.6850403547286987,1.0,0.43
329860,0.6230776309967041,0.6850403547286987,1.0,0.60
329950,0.6230776309967041,0.6850403547286987,1.0,0.37
330040,0.6230776309967041,0.6850403547286987,1.0,0.45
330130,0.6230776309967041,0.6850403547286987,1.0,0.54
330220,0.6230776309967041,0.6850403547286987,1.0,0.59
330310,0.6230776309967041,0.6850403547286987,1.0,0.53
330400,0.6230776309967041,0.6850403547286987,1.0,0.46
330490,0.6230776309967041,0.6850403547286987,1.0,0.53
330580,0.6230776309967041,0.6850403547286987,1.0,0.51
330670,0.6230776309967041,0.6850403547286987,1.0,0.59
330760,0.6230776309967041,0.6850403547286987,1.0,0.39
330850,0.6230776309967041,0.6850403547286987,1.0,0.57
330940,0.6230776309967041,0.6850403547286987,1.0,0.48
331030,0.6230776309967041,0.6850403547286987,1.0,0.50
331120,0.6230776309967041,0.6850403547286987,1.0,0.45
331210,0.6230776309967041,0.6850403547286987,1.0,0.44
331300,0.6230776309967041,0.6850403547286987,1.0,0.49
331390,0.6230776309967041,0.6850403547286987,1.0,0.47
331480,0.6230776309967041,0.6850403547286987,1.0,0.38
331570,0.6230776309967041,0.6850403547286987,1.0,0.51
331660,0.6230776309967041,0.6850403547286987,1.0,0.44
331750,0.6230776309967041,0.6850403547286987,1.0,0.45
331840,0.6230776309967041,0.6850403547286987,1.0,0.40
331930,0.6230776309967041,0.6850403547286987,1.0,0.57
332020,0.6230776309967041,0.6850403547286987,1.0,0.56
332110,0.6230776309967041,0.6850403547286987,1.0,0.49
332200,0.6230776309967041,0.6850403547286987,1.0,0.50
332290,0.6230776309967041,0.6850403547286987,1.0,0.57
332380,0.6230776309967041,0.6850403547286987,1.0,0.46
332470,0.6230776309967041,0.6850403547286987,1.0,0.61
332560,0.6230776309967041,0.6850403547286987,1.0,0.54
332650,0.6230776309967041,0.6850403547286987,1.0,0.58
332740,0.6230776309967041,0.6850403547286987,1.0,0.51
332830,0.6230776309967041,0.6850403547286987,1.0,0.61
332920,0.6230776309967041,0.6850403547286987,1.0,0.49
333010,0.6230776309967041,0.6850403547286987,1.0,0.47
333100,0.6230776309967041,0.6850403547286987,1.0,0.46
333190,0.6230776309967041,0.6850403547286987,1.0,0.55
333280,0.6230776309967041,0.6850403547286987,1.0,0.53
333370,0.6230776309967041,0.6850403547286987,1.0,0.54
333460,0.6230776309967041,0.6850403547286987,1.0,0.61
333550,0.6230776309967041,0.6850403547286987,1.0,0.39
333640,0.6230776309967041,0.6850403547286987,1.0,0.53
333730,0.6230776309967041,0.6850403547286987,1.0,0.52
333820,0.6230776309967041,0.6850403547286987,1.0,0.62
333910,0.6230776309967041,0.6850403547286987,1.0,0.50
334000,0.6230776309967041,0.6850403547286987,1.0,0.46
334090,0.6230776309967041,0.6850403547286987,1.0,0.58
334180,0.6230776309967041,0.6850403547286987,1.0,0.59
334270,0.6230776309967041,0.6850403547286987,1.0,0.41
334360,0.6230776309967041,0.6850403547286987,1.0,0.47
334450,0.6230776309967041,0.6850403547286987,1.0,0.42
334540,0.6230776309967041,0.6850403547286987,1.0,0.49
334630,0.6230776309967041,0.6850403547286987,1.0,0.53
334720,0.6230776309967041,0.6850403547286987,1.0,0.45
334810,0.6230776309967041,0.6850403547286987,1.0,0.56
334900,0.6230776309967041,0.6850403547286987,1.0,0.48
334990,0.6230776309967041,0.6850403547286987,1.0,0.49
335080,0.6230776309967041,0.6850403547286987,1.0,0.43
335170,0.6230776309967041,0.6850403547286987,1.0,0.41
335260,0.6230776309967041,0.6850403547286987,1.0,0.56
335350,0.6230776309967041,0.6850403547286987,1.0,0.45
335440,0.6230776309967041,0.6850403547286987,1.0,0.56
335530,0.6230776309967041,0.6850403547286987,1.0,0.57
335620,0.6230776309967041,0.6850403547286987,1.0,0.52
335710,0.6230776309967041,0.6850403547286987,1.0,0.49
335800,0.6230776309967041,0.6850403547286987,1.0,0.39
335890,0.6230776309967041,0.6850403547286987,1.0,0.41
335980,0.6230776309967041,0.6850403547286987,1.0,0.54
336070,0.6230776309967041,0.6850403547286987,1.0,0.40
336160,0.6230776309967041,0.6850403547286987,1.0,0.54
336250,0.6230776309967041,0.6850403547286987,1.0,0.42
336340,0.6230776309967041,0.6850403547286987,1.0,0.46
336430,0.6230776309967041,0.6850403547286987,1.0,0.43
336520,0.6230776309967041,0.6850403547286987,1.0,0.56
336610,0.6230776309967041,0.6850403547286987,1.0,0.40
336700,0.6230776309967041,0.6850403547286987,1.0,0.52
336790,0.6230776309967041,0.6850403547286987,1.0,0.45
336880,0.6230776309967041,0.6850403547286987,1.0,0.42
336970,0.6230776309967041,0.6850403547286987,1.0,0.48
337060,0.6230776309967041,0.6850403547286987,1.0,0.39
337150,0.6230776309967041,0.6850403547286987,1.0,0.44
337240,0.6230776309967041,0.6850403547286987,1.0,0.51
337330,0.6230776309967041,0.6850403547286987,1.0,0.55
337420,0.6230776309967041,0.6850403547286987,1.0,0.58
337510,0.6230776309967041,0.6850403547286987,1.0,0.36
337600,0.6230776309967041,0.6850403547286987,1.0,0.41
337690,0.6230776309967041,0.6850403547286987,1.0,0.69
337780,0.6230776309967041,0.6850403547286987,1.0,0.53
337870,0.6230776309967041,0.6850403547286987,1.0,0.39
337960,0.6230776309967041,0.6850403547286987,1.0,0.40
338050,0.6230776309967041,0.6850403547286987,1.0,0.45
338140,0.6230776309967041,0.6850403547286987,1.0,0.40
338230,0.6230776309967041,0.6850403547286987,1.0,0.57
338320,0.6230776309967041,0.6850403547286987,1.0,0.43
338410,0.6230776309967041,0.6850403547286987,1.0,0.41
338500,0.6230776309967041,0.6850403547286987,1.0,0.55
338590,0.6230776309967041,0.6850403547286987,1.0,0.54
338680,0.6230776309967041,0.6850403547286987,1.0,0.45
338770,0.6230776309967041,0.6850403547286987,1.0,0.48
338860,0.6230776309967041,0.6850403547286987,1.0,0.57
338950,0.6230776309967041,0.6850403547286987,1.0,0.51
339040,0.6230776309967041,0.6850403547286987,1.0,0.60
339130,0.6230776309967041,0.6850403547286987,1.0,0.52
339220,0.6230776309967041,0.6850403547286987,1.0,0.44
339310,0.6230776309967041,0.6850403547286987,1.0,0.42
339400,0.6230776309967041,0.6850403547286987,1.0,0.48
339490,0.6230776309967041,0.6850403547286987,1.0,0.43
339580,0.6230776309967041,0.6850403547286987,1.0,0.57
339670,0.6230776309967041,0.6850403547286987,1.0,0.50
339760,0.6230776309967041,0.6850403547286987,1.0,0.49
339850,0.6230776309967041,0.6850403547286987,1.0,0.52
339940,0.6230776309967041,0.6850403547286987,1.0,0.42
340030,0.6230776309967041,0.6850403547286987,1.0,0.52
340120,0.6230776309967041,0.6850403547286987,1.0,0.43
340210,0.6230776309967041,0.6850403547286987,1.0,0.42
340300,0.6230776309967041,0.6850403547286987,1.0,0.52
340390,0.6230776309967041,0.6850403547286987,1.0,0.52
340480,0.6230776309967041,0.6850403547286987,1.0,0.51
340570,0.6230776309967041,0.6850403547286987,1.0,0.52
340660,0.6230776309967041,0.6850403547286987,1.0,0.57
340750,0.6230776309967041,0.6850403547286987,1.0,0.55
340840,0.6230776309967041,0.6850403547286987,1.0,0.39
340930,0.6230776309967041,0.6850403547286987,1.0,0.54
341020,0.6230776309967041,0.6850403547286987,1.0,0.51
341110,0.6230776309967041,0.6850403547286987,1.0,0.46
341200,0.6230776309967041,0.6850403547286987,1.0,0.49
341290,0.6230776309967041,0.6850403547286987,1.0,0.39
341380,0.6230776309967041,0.6850403547286987,1.0,0.46
341470,0.6230776309967041,0.6850403547286987,1.0,0.47
341560,0.6230776309967041,0.6850403547286987,1.0,0.57
341650,0.6230776309967041,0.6850403547286987,1.0,0.50
341740,0.6230776309967041,0.6850403547286987,1.0,0.49
341830,0.6230776309967041,0.6850403547286987,1.0,0.39
341920,0.6230776309967041,0.6850403547286987,1.0,0.45
342010,0.6230776309967041,0.6850403547286987,1.0,0.39
342100,0.6230776309967041,0.6850403547286987,1.0,0.42
342190,0.6230776309967041,0.6850403547286987,1.0,0.61
342280,0.6230776309967041,0.6850403547286987,1.0,0.54
342370,0.6230776309967041,0.6850403547286987,1.0,0.46
342460,0.6230776309967041,0.6850403547286987,1.0,0.54
342550,0.6230776309967041,0.6850403547286987,1.0,0.38
342640,0.6230776309967041,0.6850403547286987,1.0,0.44
342730,0.6230776309967041,0.6850403547286987,1.0,0.46
342820,0.6230776309967041,0.6850403547286987,1.0,0.48
342910,0.6230776309967041,0.6850403547286987,1.0,0.59
343000,0.6230776309967041,0.6850403547286987,1.0,0.40
343090,0.6230776309967041,0.6850403547286987,1.0,0.46
343180,0.6230776309967041,0.6850403547286987,1.0,0.59
343270,0.6230776309967041,0.6850403547286987,1.0,0.59
343360,0.6230776309967041,0.6850403547286987,1.0,0.59
343450,0.6230776309967041,0.6850403547286987,1.0,0.52
343540,0.6230776309967041,0.6850403547286987,1.0,0.53
343630,0.6230776309967041,0.6850403547286987,1.0,0.43
343720,0.6230776309967041,0.6850403547286987,1.0,0.51
343810,0.6230776309967041,0.6850403547286987,1.0,0.41
343900,0.6230776309967041,0.6850403547286987,1.0,0.45
343990,0.6230776309967041,0.6850403547286987,1.0,0.49
344080,0.6230776309967041,0.6850403547286987,1.0,0.59
344170,0.6230776309967041,0.6850403547286987,1.0,0.44
344260,0.6230776309967041,0.6850403547286987,1.0,0.38
344350,0.6230776309967041,0.6850403547286987,1.0,0.48
344440,0.6230776309967041,0.6850403547286987,1.0,0.56
344530,0.6230776309967041,0.6850403547286987,1.0,0.55
344620,0.6230776309967041,0.6850403547286987,1.0,0.49
344710,0.6230776309967041,0.6850403547286987,1.0,0.52
344800,0.6230776309967041,0.6850403547286987,1.0,0.40
344890,0.6230776309967041,0.6850403547286987,1.0,0.55
344980,0.6230776309967041,0.6850403547286987,1.0,0.37
345070,0.6230776309967041,0.6850403547286987,1.0,0.42
345160,0.6230776309967041,0.6850403547286987,1.0,0.53
345250,0.6230776309967041,0.6850403547286987,1.0,0.51
345340,0.6230776309967041,0.6850403547286987,1.0,0.47
345430,0.6230776309967041,0.6850403547286987,1.0,0.48
345520,0.6230776309967041,0.6850403547286987,1.0,0.52
345610,0.6230776309967041,0.6850403547286987,1.0,0.41
345700,0.6230776309967041,0.6850403547286987,1.0,0.47
345790,0.6230776309967041,0.6850403547286987,1.0,0.56
345880,0.6230776309967041,0.6850403547286987,1.0,0.44
345970,0.6230776309967041,0.6850403547286987,1.0,0.54
346060,0.6230776309967041,0.6850403547286987,1.0,0.58
346150,0.6230776309967041,0.6850403547286987,1.0,0.61
346240,0.6230776309967041,0.6850403547286987,1.0,0.54
346330,0.6230776309967041,0.6850403547286987,1.0,0.37
346420,0.6230776309967041,0.6850403547286987,1.0,0.50
346510,0.6230776309967041,0.6850403547286987,1.0,0.41
346600,0.6230776309967041,0.6850403547286987,1.0,0.57
346690,0.6230776309967041,0.6850403547286987,1.0,0.58
346780,0.6230776309967041,0.6850403547286987,1.0,0.53
346870,0.6230776309967041,0.6850403547286987,1.0,0.36
346960,0.6230776309967041,0.6850403547286987,1.0,0.39
347050,0.6230776309967041,0.6850403547286987,1.0,0.39
347140,0.6230776309967041,0.6850403547286987,1.0,0.38
347230,0.6230776309967041,0.6850403547286987,1.0,0.56
347320,0.6230776309967041,0.6850403547286987,1.0,0.42
347410,0.6230776309967041,0.6850403547286987,1.0,0.49
347500,0.6230776309967041,0.6850403547286987,1.0,0.48
347590,0.6230776309967041,0.6850403547286987,1.0,0.48
347680,0.6230776309967041,0.6850403547286987,1.0,0.49
347770,0.6230776309967041,0.6850403547286987,1.0,0.53
347860,0.6230776309967041,0.6850403547286987,1.0,0.61
347950,0.6230776309967041,0.6850403547286987,1.0,0.42
348040,0.6230776309967041,0.6850403547286987,1.0,0.53
348130,0.6230776309967041,0.6850403547286987,1.0,0.55
348220,0.6230776309967041,0.6850403547286987,1.0,0.39
348310,0.6230776309967041,0.6850403547286987,1.0,0.53
348400,0.6230776309967041,0.6850403547286987,1.0,0.60
348490,0.6230776309967041,0.6850403547286987,1.0,0.44
348580,0.6230776309967041,0.6850403547286987,1.0,0.53
348670,0.6230776309967041,0.6850403547286987,1.0,0.54
348760,0.6230776309967041,0.6850403547286987,1.0,0.46
348850,0.6230776309967041,0.6850403547286987,1.0,0.56
348940,0.6230776309967041,0.6850403547286987,1.0,0.43
349030,0.6230776309967041,0.6850403547286987,1.0,0.61
349120,0.6230776309967041,0.6850403547286987,1.0,0.49
349210,0.6230776309967041,0.6850403547286987,1.0,0.48
349300,0.6230776309967041,0.6850403547286987,1.0,0.62
349390,0.6230776309967041,0.6850403547286987,1.0,0.46
349480,0.6230776309967041,0.6850403547286987,1.0,0.47
349570,0.6230776309967041,0.6850403547286987,1.0,0.57
349660,0.6230776309967041,0.6850403547286987,1.0,0.41
349750,0.6230776309967041,0.6850403547286987,1.0,0.50
349840,0.6230776309967041,0.6850403547286987,1.0,0.50
349930,0.6230776309967041,0.6850403547286987,1.0,0.51
350020,0.6230776309967041,0.6850403547286987,1.0,0.50
350110,0.6230776309967041,0.6850403547286987,1.0,0.54
350200,0.6230776309967041,0.6850403547286987,1.0,0.50
350290,0.6230776309967041,0.6850403547286987,1.0,0.49
350380,0.6230776309967041,0.6850403547286987,1.0,0.44
350470,0.6230776309967041,0.6850403547286987,1.0,0.57
350560,0.6230776309967041,0.6850403547286987,1.0,0.57
350650,0.6230776309967041,0.6850403547286987,1.0,0.52
350740,0.6230776309967041,0.6850403547286987,1.0,0.48
350830,0.6230776309967041,0.6850403547286987,1.0,0.51
350920,0.6230776309967041,0.6850403547286987,1.0,0.46
351010,0.6230776309967041,0.6850403547286987,1.0,0.46
351100,0.6230776309967041,0.6850403547286987,1.0,0.53
351190,0.6230776309967041,0.6850403547286987,1.0,0.50
351280,0.6230776309967041,0.6850403547286987,1.0,0.50
351370,0.6230776309967041,0.6850403547286987,1.0,0.53
351460,0.6230776309967041,0.6850403547286987,1.0,0.56
351550,0.6230776309967041,0.6850403547286987,1.0,0.50
351640,0.6230776309967041,0.6850403547286987,1.0,0.60
351730,0.6230776309967041,0.6850403547286987,1.0,0.58
351820,0.6230776309967041,0.6850403547286987,1.0,0.50
351910,0.6230776309967041,0.6850403547286987,1.0,0.48
352000,0.6230776309967041,0.6850403547286987,1.0,0.54
352090,0.6230776309967041,0.6850403547286987,1.0,0.60
352180,0.6230776309967041,0.6850403547286987,1.0,0.45
352270,0.6230776309967041,0.6850403547286987,1.0,0.45
352360,0.6230776309967041,0.6850403547286987,1.0,0.53
352450,0.6230776309967041,0.6850403547286987,1.0,0.58
352540,0.6230776309967041,0.6850403547286987,1.0,0.55
352630,0.6230776309967041,0.6850403547286987,1.0,0.55
352720,0.6230776309967041,0.6850403547286987,1.0,0.41
352810,0.6230776309967041,0.6850403547286987,1.0,0.38
352900,0.6230776309967041,0.6850403547286987,1.0,0.55
352990,0.6230776309967041,0.6850403547286987,1.0,0.54
353080,0.6230776309967041,0.6850403547286987,1.0,0.48
353170,0.6230776309967041,0.6850403547286987,1.0,0.40
353260,0.6230776309967041,0.6850403547286987,1.0,0.46
353350,0.6230776309967041,0.6850403547286987,1.0,0.54
353440,0.6230776309967041,0.6850403547286987,1.0,0.53
353530,0.6230776309967041,0.6850403547286987,1.0,0.50
353620,0.6230776309967041,0.6850403547286987,1.0,0.50
353710,0.6230776309967041,0.6850403547286987,1.0,0.50
353800,0.6230776309967041,0.6850403547286987,1.0,0.53
353890,0.6230776309967041,0.6850403547286987,1.0,0.39
353980,0.6230776309967041,0.6850403547286987,1.0,0.47
354070,0.6230776309967041,0.6850403547286987,1.0,0.41
354160,0.6230776309967041,0.6850403547286987,1.0,0.44
354250,0.6230776309967041,0.6850403547286987,1.0,0.53
354340,0.6230776309967041,0.6850403547286987,1.0,0.56
354430,0.6230776309967041,0.6850403547286987,1.0,0.60
354520,0.6230776309967041,0.6850403547286987,1.0,0.47
354610,0.6230776309967041,0.6850403547286987,1.0,0.43
354700,0.6230776309967041,0.6850403547286987,1.0,0.56
354790,0.6230776309967041,0.6850403547286987,1.0,0.40
354880,0.6230776309967041,0.6850403547286987,1.0,0.48
354970,0.6230776309967041,0.6850403547286987,1.0,0.56
355060,0.6230776309967041,0.6850403547286987,1.0,0.52
355150,0.6230776309967041,0.6850403547286987,1.0,0.51
355240,0.6230776309967041,0.6850403547286987,1.0,0.48
355330,0.6230776309967041,0.6850403547286987,1.0,0.48
355420,0.6230776309967041,0.6850403547286987,1.0,0.51
355510,0.6230776309967041,0.6850403547286987,1.0,0.56
355600,0.6230776309967041,0.6850403547286987,1.0,0.61
355690,0.6230776309967041,0.6850403547286987,1.0,0.67
355780,0.6230776309967041,0.6850403547286987,1.0,0.45
355870,0.6230776309967041,0.6850403547286987,1.0,0.51
355960,0.6230776309967041,0.6850403547286987,1.0,0.53
356050,0.6230776309967041,0.6850403547286987,1.0,0.52
356140,0.6230776309967041,0.6850403547286987,1.0,0.53
356230,0.6230776309967041,0.6850403547286987,1.0,0.58
356320,0.6230776309967041,0.6850403547286987,1.0,0.58
356410,0.6230776309967041,0.6850403547286987,1.0,0.47
356500,0.6230776309967041,0.6850403547286987,1.0,0.54
356590,0.6230776309967041,0.6850403547286987,1.0,0.55
356680,0.6230776309967041,0.6850403547286987,1.0,0.49
356770,0.6230776309967041,0.6850403547286987,1.0,0.54
356860,0.6230776309967041,0.6850403547286987,1.0,0.38
356950,0.6230776309967041,0.6850403547286987,1.0,0.47
357040,0.6230776309967041,0.6850403547286987,1.0,0.51
357130,0.6230776309967041,0.6850403547286987,1.0,0.50
357220,0.6230776309967041,0.6850403547286987,1.0,0.54
357310,0.6230776309967041,0.6850403547286987,1.0,0.60
357400,0.6230776309967041,0.6850403547286987,1.0,0.54
357490,0.6230776309967041,0.6850403547286987,1.0,0.38
357580,0.6230776309967041,0.6850403547286987,1.0,0.49
357670,0.6230776309967041,0.6850403547286987,1.0,0.44
357760,0.6230776309967041,0.6850403547286987,1.0,0.52
357850,0.6230776309967041,0.6850403547286987,1.0,0.45
357940,0.6230776309967041,0.6850403547286987,1.0,0.57
358030,0.6230776309967041,0.6850403547286987,1.0,0.55
358120,0.6230776309967041,0.6850403547286987,1.0,0.48
358210,0.6230776309967041,0.6850403547286987,1.0,0.39
358300,0.6230776309967041,0.6850403547286987,1.0,0.41
358390,0.6230776309967041,0.6850403547286987,1.0,0.40
358480,0.6230776309967041,0.6850403547286987,1.0,0.63
358570,0.6230776309967041,0.6850403547286987,1.0,0.48
358660,0.6230776309967041,0.6850403547286987,1.0,0.36
358750,0.6230776309967041,0.6850403547286987,1.0,0.56
358840,0.6230776309967041,0.6850403547286987,1.0,0.38
358930,0.6230776309967041,0.6850403547286987,1.0,0.42
359020,0.6230776309967041,0.6850403547286987,1.0,0.53
359110,0.6230776309967041,0.6850403547286987,1.0,0.39
359200,0.6230776309967041,0.6850403547286987,1.0,0.59
359290,0.6230776309967041,0.6850403547286987,1.0,0.46
359380,0.6230776309967041,0.6850403547286987,1.0,0.51
359470,0.6230776309967041,0.6850403547286987,1.0,0.56
359560,0.6230776309967041,0.6850403547286987,1.0,0.46
359650,0.6230776309967041,0.6850403547286987,1.0,0.51
359740,0.6230776309967041,0.6850403547286987,1.0,0.43
359830,0.6230776309967041,0.6850403547286987,1.0,0.57
359920,0.6230776309967041,0.6850403547286987,1.0,0.46
360010,0.6230776309967041,0.6850403547286987,1.0,0.37
360100,0.6230776309967041,0.6850403547286987,1.0,0.53
360190,0.6230776309967041,0.6850403547286987,1.0,0.56
360280,0.6230776309967041,0.6850403547286987,1.0,0.53
360370,0.6230776309967041,0.6850403547286987,1.0,0.53
360460,0.6230776309967041,0.6850403547286987,1.0,0.61
360550,0.6230776309967041,0.6850403547286987,1.0,0.43
360640,0.6230776309967041,0.6850403547286987,1.0,0.41
360730,0.6230776309967041,0.6850403547286987,1.0,0.59
360820,0.6230776309967041,0.6850403547286987,1.0,0.58
360910,0.6230776309967041,0.6850403547286987,1.0,0.58
361000,0.6230776309967041,0.6850403547286987,1.0,0.47
361090,0.6230776309967041,0.6850403547286987,1.0,0.61
361180,0.6230776309967041,0.6850403547286987,1.0,0.57
361270,0.6230776309967041,0.6850403547286987,1.0,0.41
361360,0.6230776309967041,0.6850403547286987,1.0,0.48
361450,0.6230776309967041,0.6850403547286987,1.0,0.51
361540,0.6230776309967041,0.6850403547286987,1.0,0.55
361630,0.6230776309967041,0.6850403547286987,1.0,0.50
361720,0.6230776309967041,0.6850403547286987,1.0,0.43
361810,0.6230776309967041,0.6850403547286987,1.0,0.38
361900,0.6230776309967041,0.6850403547286987,1.0,0.38
361990,0.6230776309967041,0.6850403547286987,1.0,0.53
362080,0.6230776309967041,0.6850403547286987,1.0,0.48
362170,0.6230776309967041,0.6850403547286987,1.0,0.39
362260,0.6230776309967041,0.6850403547286987,1.0,0.36
362350,0.6230776309967041,0.6850403547286987,1.0,0.50
362440,0.6230776309967041,0.6850403547286987,1.0,0.60
362530,0.6230776309967041,0.6850403547286987,1.0,0.59
362620,0.6230776309967041,0.6850403547286987,1.0,0.43
362710,0.6230776309967041,0.6850403547286987,1.0,0.51
362800,0.6230776309967041,0.6850403547286987,1.0,0.45
362890,0.6230776309967041,0.6850403547286987,1.0,0.58
362980,0.6230776309967041,0.6850403547286987,1.0,0.41
363070,0.6230776309967041,0.6850403547286987,1.0,0.39
363160,0.6230776309967041,0.6850403547286987,1.0,0.52
363250,0.6230776309967041,0.6850403547286987,1.0,0.47
363340,0.6230776309967041,0.6850403547286987,1.0,0.38
363430,0.6230776309967041,0.6850403547286987,1.0,0.50
363520,0.6230776309967041,0.6850403547286987,1.0,0.42
363610,0.6230776309967041,0.6850403547286987,1.0,0.48
363700,0.6230776309967041,0.6850403547286987,1.0,0.39
363790,0.6230776309967041,0.6850403547286987,1.0,0.47
363880,0.6230776309967041,0.6850403547286987,1.0,0.50
363970,0.6230776309967041,0.6850403547286987,1.0,0.58
364060,0.6230776309967041,0.6850403547286987,1.0,0.58
364150,0.6230776309967041,0.6850403547286987,1.0,0.45
364240,0.6230776309967041,0.6850403547286987,1.0,0.55
364330,0.6230776309967041,0.6850403547286987,1.0,0.38
364420,0.6230776309967041,0.6850403547286987,1.0,0.49
364510,0.6230776309967041,0.6850403547286987,1.0,0.42
364600,0.6230776309967041,0.6850403547286987,1.0,0.51
364690,0.6230776309967041,0.6850403547286987,1.0,0.52
364780,0.6230776309967041,0.6850403547286987,1.0,0.62
364870,0.6230776309967041,0.6850403547286987,1.0,0.59
364960,0.6230776309967041,0.6850403547286987,1.0,0.60
365050,0.6230776309967041,0.6850403547286987,1.0,0.58
365140,0.6230776309967041,0.6850403547286987,1.0,0.46
365230,0.6230776309967041,0.6850403547286987,1.0,0.50
365320,0.6230776309967041,0.6850403547286987,1.0,0.56
365410,0.6230776309967041,0.6850403547286987,1.0,0.50
365500,0.6230776309967041,0.6850403547286987,1.0,0.50
365590,0.6230776309967041,0.6850403547286987,1.0,0.58
365680,0.6230776309967041,0.6850403547286987,1.0,0.44
365770,0.6230776309967041,0.6850403547286987,1.0,0.44
365860,0.6230776309967041,0.6850403547286987,1.0,0.42
365950,0.6230776309967041,0.6850403547286987,1.0,0.53
366040,0.6230776309967041,0.6850403547286987,1.0,0.44
366130,0.6230776309967041,0.6850403547286987,1.0,0.60
366220,0.6230776309967041,0.6850403547286987,1.0,0.53
366310,0.6230776309967041,0.6850403547286987,1.0,0.40
366400,0.6230776309967041,0.6850403547286987,1.0,0.51
366490,0.6230776309967041,0.6850403547286987,1.0,0.45
366580,0.6230776309967041,0.6850403547286987,1.0,0.55
366670,0.6230776309967041,0.6850403547286987,1.0,0.56
366760,0.6230776309967041,0.6850403547286987,1.0,0.50
366850,0.6230776309967041,0.6850403547286987,1.0,0.39
366940,0.6230776309967041,0.6850403547286987,1.0,0.61
367030,0.6230776309967041,0.6850403547286987,1.0,0.42
367120,0.6230776309967041,0.6850403547286987,1.0,0.46
367210,0.6230776309967041,0.6850403547286987,1.0,0.53
367300,0.6230776309967041,0.6850403547286987,1.0,0.58
367390,0.6230776309967041,0.6850403547286987,1.0,0.50
367480,0.6230776309967041,0.6850403547286987,1.0,0.46
367570,0.6230776309967041,0.6850403547286987,1.0,0.53
367660,0.6230776309967041,0.6850403547286987,1.0,0.56
367750,0.6230776309967041,0.6850403547286987,1.0,0.38
367840,0.6230776309967041,0.6850403547286987,1.0,0.39
367930,0.6230776309967041,0.6850403547286987,1.0,0.37
368020,0.6230776309967041,0.6850403547286987,1.0,0.53
368110,0.6230776309967041,0.6850403547286987,1.0,0.54
368200,0.6230776309967041,0.6850403547286987,1.0,0.60
368290,0.6230776309967041,0.6850403547286987,1.0,0.43
368380,0.6230776309967041,0.6850403547286987,1.0,0.60
368470,0.6230776309967041,0.6850403547286987,1.0,0.61
368560,0.6230776309967041,0.6850403547286987,1.0,0.57
368650,0.6230776309967041,0.6850403547286987,1.0,0.39
368740,0.6230776309967041,0.6850403547286987,1.0,0.54
368830,0.6230776309967041,0.6850403547286987,1.0,0.40
368920,0.6230776309967041,0.6850403547286987,1.0,0.39
369010,0.6230776309967041,0.6850403547286987,1.0,0.45
369100,0.6230776309967041,0.6850403547286987,1.0,0.53
369190,0.6230776309967041,0.6850403547286987,1.0,0.59
369280,0.6230776309967041,0.6850403547286987,1.0,0.58
369370,0.6230776309967041,0.6850403547286987,1.0,0.52
369460,0.6230776309967041,0.6850403547286987,1.0,0.42
369550,0.6230776309967041,0.6850403547286987,1.0,0.40
369640,0.6230776309967041,0.6850403547286987,1.0,0.50
369730,0.6230776309967041,0.6850403547286987,1.0,0.47
369820,0.6230776309967041,0.6850403547286987,1.0,0.54
369910,0.6230776309967041,0.6850403547286987,1.0,0.38
370000,0.6230776309967041,0.6850403547286987,1.0,0.39
370090,0.6230776309967041,0.6850403547286987,1.0,0.39
370180,0.6230776309967041,0.6850403547286987,1.0,0.42
370270,0.6230776309967041,0.6850403547286987,1.0,0.40
370360,0.6230776309967041,0.6850403547286987,1.0,0.46
370450,0.6230776309967041,0.6850403547286987,1.0,0.43
370540,0.6230776309967041,0.6850403547286987,1.0,0.52
370630,0.6230776309967041,0.6850403547286987,1.0,0.54
370720,0.6230776309967041,0.6850403547286987,1.0,0.57
370810,0.6230776309967041,0.6850403547286987,1.0,0.45
370900,0.6230776309967041,0.6850403547286987,1.0,0.38
370990,0.6230776309967041,0.6850403547286987,1.0,0.41
371080,0.6230776309967041,0.6850403547286987,1.0,0.52
371170,0.6230776309967041,0.6850403547286987,1.0,0.49
371260,0.6230776309967041,0.6850403547286987,1.0,0.62
371350,0.6230776309967041,0.6850403547286987,1.0,0.55
371440,0.6230776309967041,0.6850403547286987,1.0,0.58
371530,0.6230776309967041,0.6850403547286987,1.0,0.64
371620,0.6230776309967041,0.6850403547286987,1.0,0.47
371710,0.6230776309967041,0.6850403547286987,1.0,0.42
371800,0.6230776309967041,0.6850403547286987,1.0,0.53
371890,0.6230776309967041,0.6850403547286987,1.0,0.58
371980,0.6230776309967041,0.6850403547286987,1.0,0.51
372070,0.6230776309967041,0.6850403547286987,1.0,0.39
372160,0.6230776309967041,0.6850403547286987,1.0,0.48
372250,0.6230776309967041,0.6850403547286987,1.0,0.40
372340,0.6230776309967041,0.6850403547286987,1.0,0.48
372430,0.6230776309967041,0.6850403547286987,1.0,0.48
372520,0.6230776309967041,0.6850403547286987,1.0,0.43
372610,0.6230776309967041,0.6850403547286987,1.0,0.49
372700,0.6230776309967041,0.6850403547286987,1.0,0.47
372790,0.6230776309967041,0.6850403547286987,1.0,0.54
372880,0.6230776309967041,0.6850403547286987,1.0,0.57
372970,0.6230776309967041,0.6850403547286987,1.0,0.45
373060,0.6230776309967041,0.6850403547286987,1.0,0.42
373150,0.6230776309967041,0.6850403547286987,1.0,0.48
373240,0.6230776309967041,0.6850403547286987,1.0,0.51
373330,0.6230776309967041,0.6850403547286987,1.0,0.60
373420,0.6230776309967041,0.6850403547286987,1.0,0.49
373510,0.6230776309967041,0.6850403547286987,1.0,0.39
373600,0.6230776309967041,0.6850403547286987,1.0,0.54
373690,0.6230776309967041,0.6850403547286987,1.0,0.72
373780,0.6230776309967041,0.6850403547286987,1.0,0.55
373870,0.6230776309967041,0.6850403547286987,1.0,0.46
373960,0.6230776309967041,0.6850403547286987,1.0,0.56
374050,0.6230776309967041,0.6850403547286987,1.0,0.59
374140,0.6230776309967041,0.6850403547286987,1.0,0.44
374230,0.6230776309967041,0.6850403547286987,1.0,0.51
374320,0.6230776309967041,0.6850403547286987,1.0,0.54
374410,0.6230776309967041,0.6850403547286987,1.0,0.46
374500,0.6230776309967041,0.6850403547286987,1.0,0.45
374590,0.6230776309967041,0.6850403547286987,1.0,0.51
374680,0.6230776309967041,0.6850403547286987,1.0,0.46
374770,0.6230776309967041,0.6850403547286987,1.0,0.41
374860,0.6230776309967041,0.6850403547286987,1.0,0.42
374950,0.6230776309967041,0.6850403547286987,1.0,0.47
375040,0.6230776309967041,0.6850403547286987,1.0,0.59
375130,0.6230776309967041,0.6850403547286987,1.0,0.48
375220,0.6230776309967041,0.6850403547286987,1.0,0.38
375310,0.6230776309967041,0.6850403547286987,1.0,0.45
375400,0.6230776309967041,0.6850403547286987,1.0,0.39
375490,0.6230776309967041,0.6850403547286987,1.0,0.54
375580,0.6230776309967041,0.6850403547286987,1.0,0.53
375670,0.6230776309967041,0.6850403547286987,1.0,0.57
375760,0.6230776309967041,0.6850403547286987,1.0,0.48
375850,0.6230776309967041,0.6850403547286987,1.0,0.52
375940,0.6230776309967041,0.6850403547286987,1.0,0.59
376030,0.6230776309967041,0.6850403547286987,1.0,0.47
376120,0.6230776309967041,0.6850403547286987,1.0,0.44
376210,0.6230776309967041,0.6850403547286987,1.0,0.58
376300,0.6230776309967041,0.6850403547286987,1.0,0.45
376390,0.6230776309967041,0.6850403547286987,1.0,0.44
376480,0.6230776309967041,0.6850403547286987,1.0,0.42
376570,0.6230776309967041,0.6850403547286987,1.0,0.44
376660,0.6230776309967041,0.6850403547286987,1.0,0.47
376750,0.6230776309967041,0.6850403547286987,1.0,0.52
376840,0.6230776309967041,0.6850403547286987,1.0,0.50
376930,0.6230776309967041,0.6850403547286987,1.0,0.58
377020,0.6230776309967041,0.6850403547286987,1.0,0.42
377110,0.6230776309967041,0.6850403547286987,1.0,0.60
377200,0.6230776309967041,0.6850403547286987,1.0,0.48
377290,0.6230776309967041,0.6850403547286987,1.0,0.38
377380,0.6230776309967041,0.6850403547286987,1.0,0.43
377470,0.6230776309967041,0.6850403547286987,1.0,0.48
377560,0.6230776309967041,0.6850403547286987,1.0,0.48
377650,0.6230776309967041,0.6850403547286987,1.0,0.41
377740,0.6230776309967041,0.6850403547286987,1.0,0.53
377830,0.6230776309967041,0.6850403547286987,1.0,0.60
377920,0.6230776309967041,0.6850403547286987,1.0,0.51
378010,0.6230776309967041,0.6850403547286987,1.0,0.38
378100,0.6230776309967041,0.6850403547286987,1.0,0.52
378190,0.6230776309967041,0.6850403547286987,1.0,0.50
378280,0.6230776309967041,0.6850403547286987,1.0,0.48
378370,0.6230776309967041,0.6850403547286987,1.0,0.44
378460,0.6230776309967041,0.6850403547286987,1.0,0.49
378550,0.6230776309967041,0.6850403547286987,1.0,0.37
378640,0.6230776309967041,0.6850403547286987,1.0,0.38
378730,0.6230776309967041,0.6850403547286987,1.0,0.36
378820,0.6230776309967041,0.6850403547286987,1.0,0.48
378910,0.6230776309967041,0.6850403547286987,1.0,0.47
379000,0.6230776309967041,0.6850403547286987,1.0,0.55
379090,0.6230776309967041,0.6850403547286987,1.0,0.54
379180,0.6230776309967041,0.6850403547286987,1.0,0.49
379270,0.6230776309967041,0.6850403547286987,1.0,0.49
379360,0.6230776309967041,0.6850403547286987,1.0,0.53
379450,0.6230776309967041,0.6850403547286987,1.0,0.55
379540,0.6230776309967041,0.6850403547286987,1.0,0.53
379630,0.6230776309967041,0.6850403547286987,1.0,0.38
379720,0.6230776309967041,0.6850403547286987,1.0,0.62
379810,0.6230776309967041,0.6850403547286987,1.0,0.51
379900,0.6230776309967041,0.6850403547286987,1.0,0.59
379990,0.6230776309967041,0.6850403547286987,1.0,0.49
380080,0.6230776309967041,0.6850403547286987,1.0,0.48
380170,0.6230776309967041,0.6850403547286987,1.0,0.57
380260,0.6230776309967041,0.6850403547286987,1.0,0.38
380350,0.6230776309967041,0.6850403547286987,1.0,0.55
380440,0.6230776309967041,0.6850403547286987,1.0,0.56
380530,0.6230776309967041,0.6850403547286987,1.0,0.44
380620,0.6230776309967041,0.6850403547286987,1.0,0.59
380710,0.6230776309967041,0.6850403547286987,1.0,0.46
380800,0.6230776309967041,0.6850403547286987,1.0,0.54
380890,0.6230776309967041,0.6850403547286987,1.0,0.50
380980,0.6230776309967041,0.6850403547286987,1.0,0.45
381070,0.6230776309967041,0.6850403547286987,1.0,0.49
381160,0.6230776309967041,0.6850403547286987,1.0,0.57
381250,0.6230776309967041,0.6850403547286987,1.0,0.46
381340,0.6230776309967041,0.6850403547286987,1.0,0.37
381430,0.6230776309967041,0.6850403547286987,1.0,0.58
381520,0.6230776309967041,0.6850403547286987,1.0,0.48
381610,0.6230776309967041,0.6850403547286987,1.0,0.52
381700,0.6230776309967041,0.6850403547286987,1.0,0.57
381790,0.6230776309967041,0.6850403547286987,1.0,0.57
381880,0.6230776309967041,0.6850403547286987,1.0,0.58
381970,0.6230776309967041,0.6850403547286987,1.0,0.47
382060,0.6230776309967041,0.6850403547286987,1.0,0.40
382150,0.6230776309967041,0.6850403547286987,1.0,0.53
382240,0.6230776309967041,0.6850403547286987,1.0,0.55
382330,0.6230776309967041,0.6850403547286987,1.0,0.48
382420,0.6230776309967041,0.6850403547286987,1.0,0.59
382510,0.6230776309967041,0.6850403547286987,1.0,0.61
382600,0.6230776309967041,0.6850403547286987,1.0,0.52
382690,0.6230776309967041,0.6850403547286987,1.0,0.53
382780,0.6230776309967041,0.6850403547286987,1.0,0.45
382870,0.6230776309967041,0.6850403547286987,1.0,0.41
382960,0.6230776309967041,0.6850403547286987,1.0,0.59
383050,0.6230776309967041,0.6850403547286987,1.0,0.59
383140,0.6230776309967041,0.6850403547286987,1.0,0.59
383230,0.6230776309967041,0.6850403547286987,1.0,0.38
383320,0.6230776309967041,0.6850403547286987,1.0,0.53
383410,0.6230776309967041,0.6850403547286987,1.0,0.39
383500,0.6230776309967041,0.6850403547286987,1.0,0.43
383590,0.6230776309967041,0.6850403547286987,1.0,0.52
383680,0.6230776309967041,0.6850403547286987,1.0,0.43
383770,0.6230776309967041,0.6850403547286987,1.0,0.40
383860,0.6230776309967041,0.6850403547286987,1.0,0.53
383950,0.6230776309967041,0.6850403547286987,1.0,0.39
384040,0.6230776309967041,0.6850403547286987,1.0,0.61
384130,0.6230776309967041,0.6850403547286987,1.0,0.47
384220,0.6230776309967041,0.6850403547286987,1.0,0.60
384310,0.6230776309967041,0.6850403547286987,1.0,0.48
384400,0.6230776309967041,0.6850403547286987,1.0,0.45
384490,0.6230776309967041,0.6850403547286987,1.0,0.61
384580,0.6230776309967041,0.6850403547286987,1.0,0.55
384670,0.6230776309967041,0.6850403547286987,1.0,0.58
384760,0.6230776309967041,0.6850403547286987,1.0,0.39
384850,0.6230776309967041,0.6850403547286987,1.0,0.50
384940,0.6230776309967041,0.6850403547286987,1.0,0.56
385030,0.6230776309967041,0.6850403547286987,1.0,0.56
385120,0.6230776309967041,0.6850403547286987,1.0,0.59
385210,0.6230776309967041,0.6850403547286987,1.0,0.48
385300,0.6230776309967041,0.6850403547286987,1.0,0.36
385390,0.6230776309967041,0.6850403547286987,1.0,0.52
385480,0.6230776309967041,0.6850403547286987,1.0,0.62
385570,0.6230776309967041,0.6850403547286987,1.0,0.55
385660,0.6230776309967041,0.6850403547286987,1.0,0.37
385750,0.6230776309967041,0.6850403547286987,1.0,0.53
385840,0.6230776309967041,0.6850403547286987,1.0,0.51
385930,0.6230776309967041,0.6850403547286987,1.0,0.56
386020,0.6230776309967041,0.6850403547286987,1.0,0.38
386110,0.6230776309967041,0.6850403547286987,1.0,0.46
386200,0.6230776309967041,0.6850403547286987,1.0,0.48
386290,0.6230776309967041,0.6850403547286987,1.0,0.43
386380,0.6230776309967041,0.6850403547286987,1.0,0.46
386470,0.6230776309967041,0.6850403547286987,1.0,0.41
386560,0.6230776309967041,0.6850403547286987,1.0,0.39
386650,0.6230776309967041,0.6850403547286987,1.0,0.46
386740,0.6230776309967041,0.6850403547286987,1.0,0.53
386830,0.6230776309967041,0.6850403547286987,1.0,0.37
386920,0.6230776309967041,0.6850403547286987,1.0,0.57
387010,0.6230776309967041,0.6850403547286987,1.0,0.58
387100,0.6230776309967041,0.6850403547286987,1.0,0.52
387190,0.6230776309967041,0.6850403547286987,1.0,0.68
387280,0.6230776309967041,0.6850403547286987,1.0,0.40
387370,0.6230776309967041,0.6850403547286987,1.0,0.43
387460,0.6230776309967041,0.6850403547286987,1.0,0.47
387550,0.6230776309967041,0.6850403547286987,1.0,0.40
387640,0.6230776309967041,0.6850403547286987,1.0,0.53
387730,0.6230776309967041,0.6850403547286987,1.0,0.43
387820,0.6230776309967041,0.6850403547286987,1.0,0.44
387910,0.6230776309967041,0.6850403547286987,1.0,0.50
388000,0.6230776309967041,0.6850403547286987,1.0,0.62
388090,0.6230776309967041,0.6850403547286987,1.0,0.52
388180,0.6230776309967041,0.6850403547286987,1.0,0.52
388270,0.6230776309967041,0.6850403547286987,1.0,0.45
388360,0.6230776309967041,0.6850403547286987,1.0,0.47
388450,0.6230776309967041,0.6850403547286987,1.0,0.48
388540,0.6230776309967041,0.6850403547286987,1.0,0.39
388630,0.6230776309967041,0.6850403547286987,1.0,0.52
388720,0.6230776309967041,0.6850403547286987,1.0,0.45
388810,0.6230776309967041,0.6850403547286987,1.0,0.56
388900,0.6230776309967041,0.6850403547286987,1.0,0.45
388990,0.6230776309967041,0.6850403547286987,1.0,0.61
389080,0.6230776309967041,0.6850403547286987,1.0,0.44
389170,0.6230776309967041,0.6850403547286987,1.0,0.39
389260,0.6230776309967041,0.6850403547286987,1.0,0.59
389350,0.6230776309967041,0.6850403547286987,1.0,0.53
389440,0.6230776309967041,0.6850403547286987,1.0,0.54
389530,0.6230776309967041,0.6850403547286987,1.0,0.59
389620,0.6230776309967041,0.6850403547286987,1.0,0.53
389710,0.6230776309967041,0.6850403547286987,1.0,0.56
389800,0.6230776309967041,0.6850403547286987,1.0,0.47
389890,0.6230776309967041,0.6850403547286987,1.0,0.59
389980,0.6230776309967041,0.6850403547286987,1.0,0.55
390070,0.6230776309967041,0.6850403547286987,1.0,0.54
390160,0.6230776309967041,0.6850403547286987,1.0,0.58
390250,0.6230776309967041,0.6850403547286987,1.0,0.47
390340,0.6230776309967041,0.6850403547286987,1.0,0.51
390430,0.6230776309967041,0.6850403547286987,1.0,0.43
390520,0.6230776309967041,0.6850403547286987,1.0,0.44
390610,0.6230776309967041,0.6850403547286987,1.0,0.56
390700,0.6230776309967041,0.6850403547286987,1.0,0.42
390790,0.6230776309967041,0.6850403547286987,1.0,0.54
390880,0.6230776309967041,0.6850403547286987,1.0,0.52
390970,0.6230776309967041,0.6850403547286987,1.0,0.37
391060,0.6230776309967041,0.6850403547286987,1.0,0.58
391150,0.6230776309967041,0.6850403547286987,1.0,0.59
391240,0.6230776309967041,0.6850403547286987,1.0,0.56
391330,0.6230776309967041,0.6850403547286987,1.0,0.57
391420,0.6230776309967041,0.6850403547286987,1.0,0.56
391510,0.6230776309967041,0.6850403547286987,1.0,0.56
391600,0.6230776309967041,0.6850403547286987,1.0,0.46
391690,0.6230776309967041,0.6850403547286987,1.0,0.67
391780,0.6230776309967041,0.6850403547286987,1.0,0.45
391870,0.6230776309967041,0.6850403547286987,1.0,0.61
391960,0.6230776309967041,0.6850403547286987,1.0,0.39
392050,0.6230776309967041,0.6850403547286987,1.0,0.49
392140,0.6230776309967041,0.6850403547286987,1.0,0.54
392230,0.6230776309967041,0.6850403547286987,1.0,0.42
392320,0.6230776309967041,0.6850403547286987,1.0,0.51
392410,0.6230776309967041,0.6850403547286987,1.0,0.50
392500,0.6230776309967041,0.6850403547286987,1.0,0.48
392590,0.6230776309967041,0.6850403547286987,1.0,0.52
392680,0.6230776309967041,0.6850403547286987,1.0,0.47
392770,0.6230776309967041,0.6850403547286987,1.0,0.48
392860,0.6230776309967041,0.6850403547286987,1.0,0.38
392950,0.6230776309967041,0.6850403547286987,1.0,0.59
393040,0.6230776309967041,0.6850403547286987,1.0,0.62
393130,0.6230776309967041,0.6850403547286987,1.0,0.50
393220,0.6230776309967041,0.6850403547286987,1.0,0.54
393310,0.6230776309967041,0.6850403547286987,1.0,0.59
393400,0.6230776309967041,0.6850403547286987,1.0,0.38
393490,0.6230776309967041,0.6850403547286987,1.0,0.56
393580,0.6230776309967041,0.6850403547286987,1.0,0.56
393670,0.6230776309967041,0.6850403547286987,1.0,0.49
393760,0.6230776309967041,0.6850403547286987,1.0,0.45
393850,0.6230776309967041,0.6850403547286987,1.0,0.47
393940,0.6230776309967041,0.6850403547286987,1.0,0.56
394030,0.6230776309967041,0.6850403547286987,1.0,0.38
394120,0.6230776309967041,0.6850403547286987,1.0,0.53
394210,0.6230776309967041,0.6850403547286987,1.0,0.49
394300,0.6230776309967041,0.6850403547286987,1.0,0.45
394390,0.6230776309967041,0.6850403547286987,1.0,0.57
394480,0.6230776309967041,0.6850403547286987,1.0,0.43
394570,0.6230776309967041,0.6850403547286987,1.0,0.38
394660,0.6230776309967041,0.6850403547286987,1.0,0.56
394750,0.6230776309967041,0.6850403547286987,1.0,0.42
394840,0.6230776309967041,0.6850403547286987,1.0,0.49
394930,0.6230776309967041,0.6850403547286987,1.0,0.50
395020,0.6230776309967041,0.6850403547286987,1.0,0.54
395110,0.6230776309967041,0.6850403547286987,1.0,0.50
395200,0.6230776309967041,0.6850403547286987,1.0,0.62
395290,0.6230776309967041,0.6850403547286987,1.0,0.39
395380,0.6230776309967041,0.6850403547286987,1.0,0.50
395470,0.6230776309967041,0.6850403547286987,1.0,0.50
395560,0.6230776309967041,0.6850403547286987,1.0,0.54
395650,0.6230776309967041,0.6850403547286987,1.0,0.44
395740,0.6230776309967041,0.6850403547286987,1.0,0.61
395830,0.6230776309967041,0.6850403547286987,1.0,0.58
395920,0.6230776309967041,0.6850403547286987,1.0,0.51
396010,0.6230776309967041,0.6850403547286987,1.0,0.59
396100,0.6230776309967041,0.6850403547286987,1.0,0.41
396190,0.6230776309967041,0.6850403547286987,1.0,0.68
396280,0.6230776309967041,0.6850403547286987,1.0,0.55
396370,0.6230776309967041,0.6850403547286987,1.0,0.42
396460,0.6230776309967041,0.6850403547286987,1.0,0.49
396550,0.6230776309967041,0.6850403547286987,1.0,0.52
396640,0.6230776309967041,0.6850403547286987,1.0,0.49
396730,0.6230776309967041,0.6850403547286987,1.0,0.52
396820,0.6230776309967041,0.6850403547286987,1.0,0.54
396910,0.6230776309967041,0.6850403547286987,1.0,0.55
397000,0.6230776309967041,0.6850403547286987,1.0,0.44
397090,0.6230776309967041,0.6850403547286987,1.0,0.54
397180,0.6230776309967041,0.6850403547286987,1.0,0.39
397270,0.6230776309967041,0.6850403547286987,1.0,0.48
397360,0.6230776309967041,0.6850403547286987,1.0,0.55
397450,0.6230776309967041,0.6850403547286987,1.0,0.42
397540,0.6230776309967041,0.6850403547286987,1.0,0.53
397630,0.6230776309967041,0.6850403547286987,1.0,0.55
397720,0.6230776309967041,0.6850403547286987,1.0,0.61
397810,0.6230776309967041,0.6850403547286987,1.0,0.51
397900,0.6230776309967041,0.6850403547286987,1.0,0.54
397990,0.6230776309967041,0.6850403547286987,1.0,0.42
398080,0.6230776309967041,0.6850403547286987,1.0,0.51
398170,0.6230776309967041,0.6850403547286987,1.0,0.54
398260,0.6230776309967041,0.6850403547286987,1.0,0.39
398350,0.6230776309967041,0.6850403547286987,1.0,0.60
398440,0.6230776309967041,0.6850403547286987,1.0,0.54
398530,0.6230776309967041,0.6850403547286987,1.0,0.54
398620,0.6230776309967041,0.6850403547286987,1.0,0.61
398710,0.6230776309967041,0.6850403547286987,1.0,0.50
398800,0.6230776309967041,0.6850403547286987,1.0,0.38
398890,0.6230776309967041,0.6850403547286987,1.0,0.40
398980,0.6230776309967041,0.6850403547286987,1.0,0.54
399070,0.6230776309967041,0.6850403547286987,1.0,0.57
399160,0.6230776309967041,0.6850403547286987,1.0,0.48
399250,0.6230776309967041,0.6850403547286987,1.0,0.60
399340,0.6230776309967041,0.6850403547286987,1.0,0.53
399430,0.6230776309967041,0.6850403547286987,1.0,0.44
399520,0.6230776309967041,0.6850403547286987,1.0,0.53
399610,0.6230776309967041,0.6850403547286987,1.0,0.48
399700,0.6230776309967041,0.6850403547286987,1.0,0.38
399790,0.6230776309967041,0.6850403547286987,1.0,0.39
399880,0.6230776309967041,0.6850403547286987,1.0,0.40
399970,0.6230776309967041,0.6850403547286987,1.0,0.53
400060,0.6230776309967041,0.6850403547286987,1.0,0.40
400150,0.6230776309967041,0.6850403547286987,1.0,0.50
400240,0.6230776309967041,0.6850403547286987,1.0,0.42
400330,0.6230776309967041,0.6850403547286987,1.0,0.57
400420,0.6230776309967041,0.6850403547286987,1.0,0.46
400510,0.6230776309967041,0.6850403547286987,1.0,0.50
400600,0.6230776309967041,0.6850403547286987,1.0,0.50
400690,0.6230776309967041,0.6850403547286987,1.0,0.50
400780,0.6230776309967041,0.6850403547286987,1.0,0.53
400870,0.6230776309967041,0.6850403547286987,1.0,0.43
400960,0.6230776309967041,0.6850403547286987,1.0,0.48
401050,0.6230776309967041,0.6850403547286987,1.0,0.51
401140,0.6230776309967041,0.6850403547286987,1.0,0.53
401230,0.6230776309967041,0.6850403547286987,1.0,0.50
401320,0.6230776309967041,0.6850403547286987,1.0,0.50
401410,0.6230776309967041,0.6850403547286987,1.0,0.56
401500,0.6230776309967041,0.6850403547286987,1.0,0.54
401590,0.6230776309967041,0.6850403547286987,1.0,0.38
401680,0.6230776309967041,0.6850403547286987,1.0,0.47
401770,0.6230776309967041,0.6850403547286987,1.0,0.59
401860,0.6230776309967041,0.6850403547286987,1.0,0.47
401950,0.6230776309967041,0.6850403547286987,1.0,0.57
402040,0.6230776309967041,0.6850403547286987,1.0,0.61
402130,0.6230776309967041,0.6850403547286987,1.0,0.46
402220,0.6230776309967041,0.6850403547286987,1.0,0.58
402310,0.6230776309967041,0.6850403547286987,1.0,0.38
402400,0.6230776309967041,0.6850403547286987,1.0,0.55
402490,0.6230776309967041,0.6850403547286987,1.0,0.41
402580,0.6230776309967041,0.6850403547286987,1.0,0.49
402670,0.6230776309967041,0.6850403547286987,1.0,0.49
402760,0.6230776309967041,0.6850403547286987,1.0,0.37
402850,0.6230776309967041,0.6850403547286987,1.0,0.42
402940,0.6230776309967041,0.6850403547286987,1.0,0.51
403030,0.6230776309967041,0.6850403547286987,1.0,0.57
403120,0.6230776309967041,0.6850403547286987,1.0,0.46
403210,0.6230776309967041,0.6850403547286987,1.0,0.39
403300,0.6230776309967041,0.6850403547286987,1.0,0.59
403390,0.6230776309967041,0.6850403547286987,1.0,0.51
403480,0.6230776309967041,0.6850403547286987,1.0,0.53
403570,0.6230776309967041,0.6850403547286987,1.0,0.61
403660,0.6230776309967041,0.6850403547286987,1.0,0.39
403750,0.6230776309967041,0.6850403547286987,1.0,0.47
403840,0.6230776309967041,0.6850403547286987,1.0,0.51
403930,0.6230776309967041,0.6850403547286987,1.0,0.37
404020,0.6230776309967041,0.6850403547286987,1.0,0.47
404110,0.6230776309967041,0.6850403547286987,1.0,0.45
404200,0.6230776309967041,0.6850403547286987,1.0,0.51
404290,0.6230776309967041,0.6850403547286987,1.0,0.43
404380,0.6230776309967041,0.6850403547286987,1.0,0.50
404470,0.6230776309967041,0.6850403547286987,1.0,0.55
404560,0.6230776309967041,0.6850403547286987,1.0,0.59
404650,0.6230776309967041,0.6850403547286987,1.0,0.41
404740,0.6230776309967041,0.6850403547286987,1.0,0.43
404830,0.6230776309967041,0.6850403547286987,1.0,0.58
404920,0.6230776309967041,0.6850403547286987,1.0,0.57
405010,0.6230776309967041,0.6850403547286987,1.0,0.45
405100,0.6230776309967041,0.6850403547286987,1.0,0.55
405190,0.6230776309967041,0.6850403547286987,1.0,0.60
405280,0.6230776309967041,0.6850403547286987,1.0,0.62
405370,0.6230776309967041,0.6850403547286987,1.0,0.47
405460,0.6230776309967041,0.6850403547286987,1.0,0.52
405550,0.6230776309967041,0.6850403547286987,1.0,0.39
405640,0.6230776309967041,0.6850403547286987,1.0,0.47
405730,0.6230776309967041,0.6850403547286987,1.0,0.46
405820,0.6230776309967041,0.6850403547286987,1.0,0.43
405910,0.6230776309967041,0.6850403547286987,1.0,0.44
406000,0.6230776309967041,0.6850403547286987,1.0,0.47
406090,0.6230776309967041,0.6850403547286987,1.0,0.43
406180,0.6230776309967041,0.6850403547286987,1.0,0.51
406270,0.6230776309967041,0.6850403547286987,1.0,0.49
406360,0.6230776309967041,0.6850403547286987,1.0,0.47
406450,0.6230776309967041,0.6850403547286987,1.0,0.46
406540,0.6230776309967041,0.6850403547286987,1.0,0.59
406630,0.6230776309967041,0.6850403547286987,1.0,0.58
406720,0.6230776309967041,0.6850403547286987,1.0,0.59
406810,0.6230776309967041,0.6850403547286987,1.0,0.52
406900,0.6230776309967041,0.6850403547286987,1.0,0.53
406990,0.6230776309967041,0.6850403547286987,1.0,0.50
407080,0.6230776309967041,0.6850403547286987,1.0,0.61
407170,0.6230776309967041,0.6850403547286987,1.0,0.48
407260,0.6230776309967041,0.6850403547286987,1.0,0.38
407350,0.6230776309967041,0.6850403547286987,1.0,0.53
407440,0.6230776309967041,0.6850403547286987,1.0,0.54
407530,0.6230776309967041,0.6850403547286987,1.0,0.60
407620,0.6230776309967041,0.6850403547286987,1.0,0.44
407710,0.6230776309967041,0.6850403547286987,1.0,0.50
407800,0.6230776309967041,0.6850403547286987,1.0,0.53
407890,0.6230776309967041,0.6850403547286987,1.0,0.49
407980,0.6230776309967041,0.6850403547286987,1.0,0.45
408070,0.6230776309967041,0.6850403547286987,1.0,0.45
408160,0.6230776309967041,0.6850403547286987,1.0,0.53
408250,0.6230776309967041,0.6850403547286987,1.0,0.45
408340,0.6230776309967041,0.6850403547286987,1.0,0.42
408430,0.6230776309967041,0.6850403547286987,1.0,0.45
408520,0.6230776309967041,0.6850403547286987,1.0,0.40
408610,0.6230776309967041,0.6850403547286987,1.0,0.56
408700,0.6230776309967041,0.6850403547286987,1.0,0.60
408790,0.6230776309967041,0.6850403547286987,1.0,0.45
408880,0.6230776309967041,0.6850403547286987,1.0,0.50
408970,0.6230776309967041,0.6850403547286987,1.0,0.55
409060,0.6230776309967041,0.6850403547286987,1.0,0.51
409150,0.6230776309967041,0.6850403547286987,1.0,0.47
409240,0.6230776309967041,0.6850403547286987,1.0,0.58
409330,0.6230776309967041,0.6850403547286987,1.0,0.48
409420,0.6230776309967041,0.6850403547286987,1.0,0.55
409510,0.6230776309967041,0.6850403547286987,1.0,0.55
409600,0.6230776309967041,0.6850403547286987,1.0,0.51
409690,0.6230776309967041,0.6850403547286987,1.0,0.68
409780,0.6230776309967041,0.6850403547286987,1.0,0.40
409870,0.6230776309967041,0.6850403547286987,1.0,0.47
409960,0.6230776309967041,0.6850403547286987,1.0,0.40
410050,0.6230776309967041,0.6850403547286987,1.0,0.44
410140,0.6230776309967041,0.6850403547286987,1.0,0.51
410230,0.6230776309967041,0.6850403547286987,1.0,0.54
410320,0.6230776309967041,0.6850403547286987,1.0,0.61
410410,0.6230776309967041,0.6850403547286987,1.0,0.54
410500,0.6230776309967041,0.6850403547286987,1.0,0.46
410590,0.6230776309967041,0.6850403547286987,1.0,0.54
410680,0.6230776309967041,0.6850403547286987,1.0,0.40
410770,0.6230776309967041,0.6850403547286987,1.0,0.53
410860,0.6230776309967041,0.6850403547286987,1.0,0.42
410950,0.6230776309967041,0.6850403547286987,1.0,0.46
411040,0.6230776309967041,0.6850403547286987,1.0,0.49
411130,0.6230776309967041,0.6850403547286987,1.0,0.51
411220,0.6230776309967041,0.6850403547286987,1.0,0.47
411310,0.6230776309967041,0.6850403547286987,1.0,0.51
411400,0.6230776309967041,0.6850403547286987,1.0,0.44
411490,0.6230776309967041,0.6850403547286987,1.0,0.47
411580,0.6230776309967041,0.6850403547286987,1.0,0.49
411670,0.6230776309967041,0.6850403547286987,1.0,0.40
411760,0.6230776309967041,0.6850403547286987,1.0,0.48
411850,0.6230776309967041,0.6850403547286987,1.0,0.41
411940,0.6230776309967041,0.6850403547286987,1.0,0.48
412030,0.6230776309967041,0.6850403547286987,1.0,0.41
412120,0.6230776309967041,0.6850403547286987,1.0,0.55
412210,0.6230776309967041,0.6850403547286987,1.0,0.54
412300,0.6230776309967041,0.6850403547286987,1.0,0.60
412390,0.6230776309967041,0.6850403547286987,1.0,0.56
412480,0.6230776309967041,0.6850403547286987,1.0,0.43
412570,0.6230776309967041,0.6850403547286987,1.0,0.41
412660,0.6230776309967041,0.6850403547286987,1.0,0.46
412750,0.6230776309967041,0.6850403547286987,1.0,0.45
412840,0.6230776309967041,0.6850403547286987,1.0,0.37
412930,0.6230776309967041,0.6850403547286987,1.0,0.58
413020,0.6230776309967041,0.6850403547286987,1.0,0.45
413110,0.6230776309967041,0.6850403547286987,1.0,0.55
413200,0.6230776309967041,0.6850403547286987,1.0,0.53
413290,0.6230776309967041,0.6850403547286987,1.0,0.48
413380,0.6230776309967041,0.6850403547286987,1.0,0.45
413470,0.6230776309967041,0.6850403547286987,1.0,0.61
413560,0.6230776309967041,0.6850403547286987,1.0,0.49
413650,0.6230776309967041,0.6850403547286987,1.0,0.45
413740,0.6230776309967041,0.6850403547286987,1.0,0.53
413830,0.6230776309967041,0.6850403547286987,1.0,0.49
413920,0.6230776309967041,0.6850403547286987,1.0,0.53
414010,0.6230776309967041,0.6850403547286987,1.0,0.50
414100,0.6230776309967041,0.6850403547286987,1.0,0.51
414190,0.6230776309967041,0.6850403547286987,1.0,0.60
414280,0.6230776309967041,0.6850403547286987,1.0,0.45
414370,0.6230776309967041,0.6850403547286987,1.0,0.55
414460,0.6230776309967041,0.6850403547286987,1.0,0.53
414550,0.6230776309967041,0.6850403547286987,1.0,0.52
414640,0.6230776309967041,0.6850403547286987,1.0,0.46
414730,0.6230776309967041,0.6850403547286987,1.0,0.48
414820,0.6230776309967041,0.6850403547286987,1.0,0.50
414910,0.6230776309967041,0.6850403547286987,1.0,0.58
415000,0.6230776309967041,0.6850403547286987,1.0,0.42
415090,0.6230776309967041,0.6850403547286987,1.0,0.52
415180,0.6230776309967041,0.6850403547286987,1.0,0.48
415270,0.6230776309967041,0.6850403547286987,1.0,0.49
415360,0.6230776309967041,0.6850403547286987,1.0,0.40
415450,0.6230776309967041,0.6850403547286987,1.0,0.50
415540,0.6230776309967041,0.6850403547286987,1.0,0.45
415630,0.6230776309967041,0.6850403547286987,1.0,0.45
415720,0.6230776309967041,0.6850403547286987,1.0,0.44
415810,0.6230776309967041,0.6850403547286987,1.0,0.60
415900,0.6230776309967041,0.6850403547286987,1.0,0.59
415990,0.6230776309967041,0.6850403547286987,1.0,0.54
416080,0.6230776309967041,0.6850403547286987,1.0,0.38
416170,0.6230776309967041,0.6850403547286987,1.0,0.45
416260,0.6230776309967041,0.6850403547286987,1.0,0.45
416350,0.6230776309967041,0.6850403547286987,1.0,0.52
416440,0.6230776309967041,0.6850403547286987,1.0,0.41
416530,0.6230776309967041,0.6850403547286987,1.0,0.47
416620,0.6230776309967041,0.6850403547286987,1.0,0.42
416710,0.6230776309967041,0.6850403547286987,1.0,0.55
416800,0.6230776309967041,0.6850403547286987,1.0,0.52
416890,0.6230776309967041,0.6850403547286987,1.0,0.43
416980,0.6230776309967041,0.6850403547286987,1.0,0.43
417070,0.6230776309967041,0.6850403547286987,1.0,0.62
417160,0.6230776309967041,0.6850403547286987,1.0,0.50
417250,0.6230776309967041,0.6850403547286987,1.0,0.56
417340,0.6230776309967041,0.6850403547286987,1.0,0.51
417430,0.6230776309967041,0.6850403547286987,1.0,0.56
417520,0.6230776309967041,0.6850403547286987,1.0,0.45
417610,0.6230776309967041,0.6850403547286987,1.0,0.54
417700,0.6230776309967041,0.6850403547286987,1.0,0.44
417790,0.6230776309967041,0.6850403547286987,1.0,0.46
417880,0.6230776309967041,0.6850403547286987,1.0,0.46
417970,0.6230776309967041,0.6850403547286987,1.0,0.56
418060,0.6230776309967041,0.6850403547286987,1.0,0.57
418150,0.6230776309967041,0.6850403547286987,1.0,0.44
418240,0.6230776309967041,0.6850403547286987,1.0,0.53
418330,0.6230776309967041,0.6850403547286987,1.0,0.53
418420,0.6230776309967041,0.6850403547286987,1.0,0.62
418510,0.6230776309967041,0.6850403547286987,1.0,0.47
418600,0.6230776309967041,0.6850403547286987,1.0,0.51
418690,0.6230776309967041,0.6850403547286987,1.0,0.58
418780,0.6230776309967041,0.6850403547286987,1.0,0.37
418870,0.6230776309967041,0.6850403547286987,1.0,0.51
418960,0.6230776309967041,0.6850403547286987,1.0,0.47
419050,0.6230776309967041,0.6850403547286987,1.0,0.58
419140,0.6230776309967041,0.6850403547286987,1.0,0.57
419230,0.6230776309967041,0.6850403547286987,1.0,0.53
419320,0.6230776309967041,0.6850403547286987,1.0,0.59
419410,0.6230776309967041,0.6850403547286987,1.0,0.51
419500,0.6230776309967041,0.6850403547286987,1.0,0.40
419590,0.6230776309967041,0.6850403547286987,1.0,0.64
419680,0.6230776309967041,0.6850403547286987,1.0,0.50
419770,0.6230776309967041,0.6850403547286987,1.0,0.58
419860,0.6230776309967041,0.6850403547286987,1.0,0.48
419950,0.6230776309967041,0.6850403547286987,1.0,0.58
420040,0.6230776309967041,0.6850403547286987,1.0,0.46
420130,0.6230776309967041,0.6850403547286987,1.0,0.51
420220,0.6230776309967041,0.6850403547286987,1.0,0.52
420310,0.6230776309967041,0.6850403547286987,1.0,0.57
420400,0.6230776309967041,0.6850403547286987,1.0,0.54
420490,0.6230776309967041,0.6850403547286987,1.0,0.52
420580,0.6230776309967041,0.6850403547286987,1.0,0.47
420670,0.6230776309967041,0.6850403547286987,1.0,0.48
420760,0.6230776309967041,0.6850403547286987,1.0,0.54
420850,0.6230776309967041,0.6850403547286987,1.0,0.49
420940,0.6230776309967041,0.6850403547286987,1.0,0.45
421030,0.6230776309967041,0.6850403547286987,1.0,0.48
421120,0.6230776309967041,0.6850403547286987,1.0,0.46
421210,0.6230776309967041,0.6850403547286987,1.0,0.40
421300,0.6230776309967041,0.6850403547286987,1.0,0.39
421390,0.6230776309967041,0.6850403547286987,1.0,0.51
421480,0.6230776309967041,0.6850403547286987,1.0,0.44
421570,0.6230776309967041,0.6850403547286987,1.0,0.37
421660,0.6230776309967041,0.6850403547286987,1.0,0.49
421750,0.6230776309967041,0.6850403547286987,1.0,0.47
421840,0.6230776309967041,0.6850403547286987,1.0,0.62
421930,0.6230776309967041,0.6850403547286987,1.0,0.53
422020,0.6230776309967041,0.6850403547286987,1.0,0.58
422110,0.6230776309967041,0.6850403547286987,1.0,0.42
422200,0.6230776309967041,0.6850403547286987,1.0,0.41
422290,0.6230776309967041,0.6850403547286987,1.0,0.46
422380,0.6230776309967041,0.6850403547286987,1.0,0.47
422470,0.6230776309967041,0.6850403547286987,1.0,0.37
422560,0.6230776309967041,0.6850403547286987,1.0,0.39
422650,0.6230776309967041,0.6850403547286987,1.0,0.46
422740,0.6230776309967041,0.6850403547286987,1.0,0.42
422830,0.6230776309967041,0.6850403547286987,1.0,0.50
422920,0.6230776309967041,0.6850403547286987,1.0,0.58
423010,0.6230776309967041,0.6850403547286987,1.0,0.52
423100,0.6230776309967041,0.6850403547286987,1.0,0.57
423190,0.6230776309967041,0.6850403547286987,1.0,0.66
423280,0.6230776309967041,0.6850403547286987,1.0,0.55
423370,0.6230776309967041,0.6850403547286987,1.0,0.42
423460,0.6230776309967041,0.6850403547286987,1.0,0.61
423550,0.6230776309967041,0.6850403547286987,1.0,0.39
423640,0.6230776309967041,0.6850403547286987,1.0,0.49
423730,0.6230776309967041,0.6850403547286987,1.0,0.58
423820,0.6230776309967041,0.6850403547286987,1.0,0.45
423910,0.6230776309967041,0.6850403547286987,1.0,0.37
424000,0.6230776309967041,0.6850403547286987,1.0,0.52
424090,0.6230776309967041,0.6850403547286987,1.0,0.39
424180,0.6230776309967041,0.6850403547286987,1.0,0.50
424270,0.6230776309967041,0.6850403547286987,1.0,0.46
424360,0.6230776309967041,0.6850403547286987,1.0,0.57
424450,0.6230776309967041,0.6850403547286987,1.0,0.37
424540,0.6230776309967041,0.6850403547286987,1.0,0.52
424630,0.6230776309967041,0.6850403547286987,1.0,0.44
424720,0.6230776309967041,0.6850403547286987,1.0,0.58
424810,0.6230776309967041,0.6850403547286987,1.0,0.54
424900,0.6230776309967041,0.6850403547286987,1.0,0.58
424990,0.6230776309967041,0.6850403547286987,1.0,0.55
425080,0.6230776309967041,0.6850403547286987,1.0,0.37
425170,0.6230776309967041,0.6850403547286987,1.0,0.57
425260,0.6230776309967041,0.6850403547286987,1.0,0.42
425350,0.6230776309967041,0.6850403547286987,1.0,0.43
425440,0.6230776309967041,0.6850403547286987,1.0,0.53
425530,0.6230776309967041,0.6850403547286987,1.0,0.53
425620,0.6230776309967041,0.6850403547286987,1.0,0.44
425710,0.6230776309967041,0.6850403547286987,1.0,0.49
425800,0.6230776309967041,0.6850403547286987,1.0,0.44
425890,0.6230776309967041,0.6850403547286987,1.0,0.38
425980,0.6230776309967041,0.6850403547286987,1.0,0.47
426070,0.6230776309967041,0.6850403547286987,1.0,0.58
426160,0.6230776309967041,0.6850403547286987,1.0,0.38
426250,0.6230776309967041,0.6850403547286987,1.0,0.41
426340,0.6230776309967041,0.6850403547286987,1.0,0.41
426430,0.6230776309967041,0.6850403547286987,1.0,0.51
426520,0.6230776309967041,0.6850403547286987,1.0,0.57
426610,0.6230776309967041,0.6850403547286987,1.0,0.40
426700,0.6230776309967041,0.6850403547286987,1.0,0.55
426790,0.6230776309967041,0.6850403547286987,1.0,0.51
426880,0.6230776309967041,0.6850403547286987,1.0,0.59
426970,0.6230776309967041,0.6850403547286987,1.0,0.50
427060,0.6230776309967041,0.6850403547286987,1.0,0.43
427150,0.6230776309967041,0.6850403547286987,1.0,0.44
427240,0.6230776309967041,0.6850403547286987,1.0,0.40
427330,0.6230776309967041,0.6850403547286987,1.0,0.41
427420,0.6230776309967041,0.6850403547286987,1.0,0.59
427510,0.6230776309967041,0.6850403547286987,1.0,0.36
427600,0.6230776309967041,0.6850403547286987,1.0,0.55
427690,0.6230776309967041,0.6850403547286987,1.0,0.61
427780,0.6230776309967041,0.6850403547286987,1.0,0.58
427870,0.6230776309967041,0.6850403547286987,1.0,0.46
427960,0.6230776309967041,0.6850403547286987,1.0,0.46
428050,0.6230776309967041,0.6850403547286987,1.0,0.57
428140,0.6230776309967041,0.6850403547286987,1.0,0.57
428230,0.6230776309967041,0.6850403547286987,1.0,0.42
428320,0.6230776309967041,0.6850403547286987,1.0,0.48
428410,0.6230776309967041,0.6850403547286987,1.0,0.46
428500,0.6230776309967041,0.6850403547286987,1.0,0.38
428590,0.6230776309967041,0.6850403547286987,1.0,0.52
428680,0.6230776309967041,0.6850403547286987,1.0,0.37
428770,0.6230776309967041,0.6850403547286987,1.0,0.45
428860,0.6230776309967041,0.6850403547286987,1.0,0.39
428950,0.6230776309967041,0.6850403547286987,1.0,0.47
429040,0.6230776309967041,0.6850403547286987,1.0,0.52
429130,0.6230776309967041,0.6850403547286987,1.0,0.55
429220,0.6230776309967041,0.6850403547286987,1.0,0.45
429310,0.6230776309967041,0.6850403547286987,1.0,0.54
429400,0.6230776309967041,0.6850403547286987,1.0,0.45
429490,0.6230776309967041,0.6850403547286987,1.0,0.47
429580,0.6230776309967041,0.6850403547286987,1.0,0.51
429670,0.6230776309967041,0.6850403547286987,1.0,0.49
429760,0.6230776309967041,0.6850403547286987,1.0,0.39
429850,0.6230776309967041,0.6850403547286987,1.0,0.51
429940,0.6230776309967041,0.6850403547286987,1.0,0.51
430030,0.6230776309967041,0.6850403547286987,1.0,0.44
430120,0.6230776309967041,0.6850403547286987,1.0,0.60
430210,0.6230776309967041,0.6850403547286987,1.0,0.48
430300,0.6230776309967041,0.6850403547286987,1.0,0.44
430390,0.6230776309967041,0.6850403547286987,1.0,0.48
430480,0.6230776309967041,0.6850403547286987,1.0,0.54
430570,0.6230776309967041,0.6850403547286987,1.0,0.39
430660,0.6230776309967041,0.6850403547286987,1.0,0.61
430750,0.6230776309967041,0.6850403547286987,1.0,0.50
430840,0.6230776309967041,0.6850403547286987,1.0,0.50
430930,0.6230776309967041,0.6850403547286987,1.0,0.56
431020,0.6230776309967041,0.6850403547286987,1.0,0.46
431110,0.6230776309967041,0.6850403547286987,1.0,0.51
431200,0.6230776309967041,0.6850403547286987,1.0,0.55
431290,0.6230776309967041,0.6850403547286987,1.0,0.51
431380,0.6230776309967041,0.6850403547286987,1.0,0.42
431470,0.6230776309967041,0.6850403547286987,1.0,0.51
431560,0.6230776309967041,0.6850403547286987,1.0,0.38
431650,0.6230776309967041,0.6850403547286987,1.0,0.48
431740,0.6230776309967041,0.6850403547286987,1.0,0.52
431830,0.6230776309967041,0.6850403547286987,1.0,0.55
431920,0.6230776309967041,0.6850403547286987,1.0,0.57
432010,0.6230776309967041,0.6850403547286987,1.0,0.58
432100,0.6230776309967041,0.6850403547286987,1.0,0.58
432190,0.6230776309967041,0.6850403547286987,1.0,0.72
432280,0.6230776309967041,0.6850403547286987,1.0,0.57
432370,0.6230776309967041,0.6850403547286987,1.0,0.61
432460,0.6230776309967041,0.6850403547286987,1.0,0.42
432550,0.6230776309967041,0.6850403547286987,1.0,0.61
432640,0.6230776309967041,0.6850403547286987,1.0,0.43
432730,0.6230776309967041,0.6850403547286987,1.0,0.51
432820,0.6230776309967041,0.6850403547286987,1.0,0.49
432910,0.6230776309967041,0.6850403547286987,1.0,0.53
433000,0.6230776309967041,0.6850403547286987,1.0,0.47
433090,0.6230776309967041,0.6850403547286987,1.0,0.55
433180,0.6230776309967041,0.6850403547286987,1.0,0.44
433270,0.6230776309967041,0.6850403547286987,1.0,0.42
433360,0.6230776309967041,0.6850403547286987,1.0,0.41
433450,0.6230776309967041,0.6850403547286987,1.0,0.40
433540,0.6230776309967041,0.6850403547286987,1.0,0.50
433630,0.6230776309967041,0.6850403547286987,1.0,0.48
433720,0.6230776309967041,0.6850403547286987,1.0,0.46
433810,0.6230776309967041,0.6850403547286987,1.0,0.45
433900,0.6230776309967041,0.6850403547286987,1.0,0.43
433990,0.6230776309967041,0.6850403547286987,1.0,0.42
434080,0.6230776309967041,0.6850403547286987,1.0,0.44
434170,0.6230776309967041,0.6850403547286987,1.0,0.58
434260,0.6230776309967041,0.6850403547286987,1.0,0.38
434350,0.6230776309967041,0.6850403547286987,1.0,0.56
434440,0.6230776309967041,0.6850403547286987,1.0,0.58
434530,0.6230776309967041,0.6850403547286987,1.0,0.52
434620,0.6230776309967041,0.6850403547286987,1.0,0.43
434710,0.6230776309967041,0.6850403547286987,1.0,0.42
434800,0.6230776309967041,0.6850403547286987,1.0,0.47
434890,0.6230776309967041,0.6850403547286987,1.0,0.46
434980,0.6230776309967041,0.6850403547286987,1.0,0.52
435070,0.6230776309967041,0.6850403547286987,1.0,0.51
435160,0.6230776309967041,0.6850403547286987,1.0,0.54
435250,0.6230776309967041,0.6850403547286987,1.0,0.49
435340,0.6230776309967041,0.6850403547286987,1.0,0.41
435430,0.6230776309967041,0.6850403547286987,1.0,0.61
435520,0.6230776309967041,0.6850403547286987,1.0,0.39
435610,0.6230776309967041,0.6850403547286987,1.0,0.43
435700,0.6230776309967041,0.6850403547286987,1.0,0.37
435790,0.6230776309967041,0.6850403547286987,1.0,0.55
435880,0.6230776309967041,0.6850403547286987,1.0,0.53
435970,0.6230776309967041,0.6850403547286987,1.0,0.58
436060,0.6230776309967041,0.6850403547286987,1.0,0.46
436150,0.6230776309967041,0.6850403547286987,1.0,0.48
436240,0.6230776309967041,0.6850403547286987,1.0,0.39
436330,0.6230776309967041,0.6850403547286987,1.0,0.51
436420,0.6230776309967041,0.6850403547286987,1.0,0.37
436510,0.6230776309967041,0.6850403547286987,1.0,0.37
436600,0.6230776309967041,0.6850403547286987,1.0,0.46
436690,0.6230776309967041,0.6850403547286987,1.0,0.48
436780,0.6230776309967041,0.6850403547286987,1.0,0.45
436870,0.6230776309967041,0.6850403547286987,1.0,0.51
436960,0.6230776309967041,0.6850403547286987,1.0,0.39
437050,0.6230776309967041,0.6850403547286987,1.0,0.62
437140,0.6230776309967041,0.6850403547286987,1.0,0.50
437230,0.6230776309967041,0.6850403547286987,1.0,0.39
437320,0.6230776309967041,0.6850403547286987,1.0,0.41
437410,0.6230776309967041,0.6850403547286987,1.0,0.57
437500,0.6230776309967041,0.6850403547286987,1.0,0.54
437590,0.6230776309967041,0.6850403547286987,1.0,0.49
437680,0.6230776309967041,0.6850403547286987,1.0,0.50
437770,0.6230776309967041,0.6850403547286987,1.0,0.42
437860,0.6230776309967041,0.6850403547286987,1.0,0.39
437950,0.6230776309967041,0.6850403547286987,1.0,0.41
438040,0.6230776309967041,0.6850403547286987,1.0,0.50
438130,0.6230776309967041,0.6850403547286987,1.0,0.39
438220,0.6230776309967041,0.6850403547286987,1.0,0.50
438310,0.6230776309967041,0.6850403547286987,1.0,0.47
438400,0.6230776309967041,0.6850403547286987,1.0,0.54
438490,0.6230776309967041,0.6850403547286987,1.0,0.55
438580,0.6230776309967041,0.6850403547286987,1.0,0.47
438670,0.6230776309967041,0.6850403547286987,1.0,0.45
438760,0.6230776309967041,0.6850403547286987,1.0,0.43
438850,0.6230776309967041,0.6850403547286987,1.0,0.55
438940,0.6230776309967041,0.6850403547286987,1.0,0.55
439030,0.6230776309967041,0.6850403547286987,1.0,0.54
439120,0.6230776309967041,0.6850403547286987,1.0,0.40
439210,0.6230776309967041,0.6850403547286987,1.0,0.49
439300,0.6230776309967041,0.6850403547286987,1.0,0.38
439390,0.6230776309967041,0.6850403547286987,1.0,0.51
439480,0.6230776309967041,0.6850403547286987,1.0,0.41
439570,0.6230776309967041,0.6850403547286987,1.0,0.38
439660,0.6230776309967041,0.6850403547286987,1.0,0.48
439750,0.6230776309967041,0.6850403547286987,1.0,0.36
439840,0.6230776309967041,0.6850403547286987,1.0,0.53
439930,0.6230776309967041,0.6850403547286987,1.0,0.38
440020,0.6230776309967041,0.6850403547286987,1.0,0.39
440110,0.6230776309967041,0.6850403547286987,1.0,0.48
440200,0.6230776309967041,0.6850403547286987,1.0,0.42
440290,0.6230776309967041,0.6850403547286987,1.0,0.41
440380,0.6230776309967041,0.6850403547286987,1.0,0.40
440470,0.6230776309967041,0.6850403547286987,1.0,0.52
440560,0.6230776309967041,0.6850403547286987,1.0,0.47
440650,0.6230776309967041,0.6850403547286987,1.0,0.44
440740,0.6230776309967041,0.6850403547286987,1.0,0.52
440830,0.6230776309967041,0.6850403547286987,1.0,0.38
440920,0.6230776309967041,0.6850403547286987,1.0,0.41
441010,0.6230776309967041,0.6850403547286987,1.0,0.59
441100,0.6230776309967041,0.6850403547286987,1.0,0.45
441190,0.6230776309967041,0.6850403547286987,1.0,0.61
441280,0.6230776309967041,0.6850403547286987,1.0,0.40
441370,0.6230776309967041,0.6850403547286987,1.0,0.47
441460,0.6230776309967041,0.6850403547286987,1.0,0.52
441550,0.6230776309967041,0.6850403547286987,1.0,0.48
441640,0.6230776309967041,0.6850403547286987,1.0,0.57
441730,0.6230776309967041,0.6850403547286987,1.0,0.41
441820,0.6230776309967041,0.6850403547286987,1.0,0.47
441910,0.6230776309967041,0.6850403547286987,1.0,0.50
442000,0.6230776309967041,0.6850403547286987,1.0,0.41
442090,0.6230776309967041,0.6850403547286987,1.0,0.58
442180,0.6230776309967041,0.6850403547286987,1.0,0.40
442270,0.6230776309967041,0.6850403547286987,1.0,0.59
442360,0.6230776309967041,0.6850403547286987,1.0,0.60
442450,0.6230776309967041,0.6850403547286987,1.0,0.50
442540,0.6230776309967041,0.6850403547286987,1.0,0.58
442630,0.6230776309967041,0.6850403547286987,1.0,0.52
442720,0.6230776309967041,0.6850403547286987,1.0,0.55
442810,0.6230776309967041,0.6850403547286987,1.0,0.43
442900,0.6230776309967041,0.6850403547286987,1.0,0.42
442990,0.6230776309967041,0.6850403547286987,1.0,0.59
443080,0.6230776309967041,0.6850403547286987,1.0,0.54
443170,0.6230776309967041,0.6850403547286987,1.0,0.40
443260,0.6230776309967041,0.6850403547286987,1.0,0.48
443350,0.6230776309967041,0.6850403547286987,1.0,0.51
443440,0.6230776309967041,0.6850403547286987,1.0,0.39
443530,0.6230776309967041,0.6850403547286987,1.0,0.54
443620,0.6230776309967041,0.6850403547286987,1.0,0.44
443710,0.6230776309967041,0.6850403547286987,1.0,0.42
443800,0.6230776309967041,0.6850403547286987,1.0,0.45
443890,0.6230776309967041,0.6850403547286987,1.0,0.50
443980,0.6230776309967041,0.6850403547286987,1.0,0.46
444070,0.6230776309967041,0.6850403547286987,1.0,0.46
444160,0.6230776309967041,0.6850403547286987,1.0,0.42
444250,0.6230776309967041,0.6850403547286987,1.0,0.49
444340,0.6230776309967041,0.6850403547286987,1.0,0.42
444430,0.6230776309967041,0.6850403547286987,1.0,0.40
444520,0.6230776309967041,0.6850403547286987,1.0,0.55
444610,0.6230776309967041,0.6850403547286987,1.0,0.41
444700,0.6230776309967041,0.6850403547286987,1.0,0.39
444790,0.6230776309967041,0.6850403547286987,1.0,0.51
444880,0.6230776309967041,0.6850403547286987,1.0,0.40
444970,0.6230776309967041,0.6850403547286987,1.0,0.48
445060,0.6230776309967041,0.6850403547286987,1.0,0.49
445150,0.6230776309967041,0.6850403547286987,1.0,0.46
445240,0.6230776309967041,0.6850403547286987,1.0,0.50
445330,0.6230776309967041,0.6850403547286987,1.0,0.47
445420,0.6230776309967041,0.6850403547286987,1.0,0.52
445510,0.6230776309967041,0.6850403547286987,1.0,0.50
445600,0.6230776309967041,0.6850403547286987,1.0,0.42
445690,0.6230776309967041,0.6850403547286987,1.0,0.56
445780,0.6230776309967041,0.6850403547286987,1.0,0.42
445870,0.6230776309967041,0.6850403547286987,1.0,0.43
445960,0.6230776309967041,0.6850403547286987,1.0,0.40
446050,0.6230776309967041,0.6850403547286987,1.0,0.49
446140,0.6230776309967041,0.6850403547286987,1.0,0.55
446230,0.6230776309967041,0.6850403547286987,1.0,0.49
446320,0.6230776309967041,0.6850403547286987,1.0,0.48
446410,0.6230776309967041,0.6850403547286987,1.0,0.47
446500,0.6230776309967041,0.6850403547286987,1.0,0.48
446590,0.6230776309967041,0.6850403547286987,1.0,0.44
446680,0.6230776309967041,0.6850403547286987,1.0,0.42
446770,0.6230776309967041,0.6850403547286987,1.0,0.38
446860,0.6230776309967041,0.6850403547286987,1.0,0.43
446950,0.6230776309967041,0.6850403547286987,1.0,0.55
447040,0.6230776309967041,0.6850403547286987,1.0,0.47
447130,0.6230776309967041,0.6850403547286987,1.0,0.40
447220,0.6230776309967041,0.6850403547286987,1.0,0.41
447310,0.6230776309967041,0.6850403547286987,1.0,0.59
447400,0.6230776309967041,0.6850403547286987,1.0,0.63
447490,0.6230776309967041,0.6850403547286987,1.0,0.51
447580,0.6230776309967041,0.6850403547286987,1.0,0.51
447670,0.6230776309967041,0.6850403547286987,1.0,0.47
447760,0.6230776309967041,0.6850403547286987,1.0,0.53
447850,0.6230776309967041,0.6850403547286987,1.0,0.42
447940,0.6230776309967041,0.6850403547286987,1.0,0.40
448030,0.6230776309967041,0.6850403547286987,1.0,0.45
448120,0.6230776309967041,0.6850403547286987,1.0,0.40
448210,0.6230776309967041,0.6850403547286987,1.0,0.47
448300,0.6230776309967041,0.6850403547286987,1.0,0.52
448390,0.6230776309967041,0.6850403547286987,1.0,0.51
448480,0.6230776309967041,0.6850403547286987,1.0,0.58
448570,0.6230776309967041,0.6850403547286987,1.0,0.52
448660,0.6230776309967041,0.6850403547286987,1.0,0.46
448750,0.6230776309967041,0.6850403547286987,1.0,0.49
448840,0.6230776309967041,0.6850403547286987,1.0,0.38
448930,0.6230776309967041,0.6850403547286987,1.0,0.62
449020,0.6230776309967041,0.6850403547286987,1.0,0.45
449110,0.6230776309967041,0.6850403547286987,1.0,0.50
449200,0.6230776309967041,0.6850403547286987,1.0,0.46
449290,0.6230776309967041,0.6850403547286987,1.0,0.50
449380,0.6230776309967041,0.6850403547286987,1.0,0.53
449470,0.6230776309967041,0.6850403547286987,1.0,0.40
449560,0.6230776309967041,0.6850403547286987,1.0,0.44
449650,0.6230776309967041,0.6850403547286987,1.0,0.53
449740,0.6230776309967041,0.6850403547286987,1.0,0.43
449830,0.6230776309967041,0.6850403547286987,1.0,0.53
449920,0.6230776309967041,0.6850403547286987,1.0,0.55
450010,0.6230776309967041,0.6850403547286987,1.0,0.43
450100,0.6230776309967041,0.6850403547286987,1.0,0.60
450190,0.6230776309967041,0.6850403547286987,1.0,0.65
450280,0.6230776309967041,0.6850403547286987,1.0,0.49
450370,0.6230776309967041,0.6850403547286987,1.0,0.52
450460,0.6230776309967041,0.6850403547286987,1.0,0.57
450550,0.6230776309967041,0.6850403547286987,1.0,0.54
450640,0.6230776309967041,0.6850403547286987,1.0,0.50
450730,0.6230776309967041,0.6850403547286987,1.0,0.45
450820,0.6230776309967041,0.6850403547286987,1.0,0.52
450910,0.6230776309967041,0.6850403547286987,1.0,0.56
451000,0.6230776309967041,0.6850403547286987,1.0,0.61
451090,0.6230776309967041,0.6850403547286987,1.0,0.50
451180,0.6230776309967041,0.6850403547286987,1.0,0.52
451270,0.6230776309967041,0.6850403547286987,1.0,0.52
451360,0.6230776309967041,0.6850403547286987,1.0,0.49
451450,0.6230776309967041,0.6850403547286987,1.0,0.54
451540,0.6230776309967041,0.6850403547286987,1.0,0.42
451630,0.6230776309967041,0.6850403547286987,1.0,0.37
451720,0.6230776309967041,0.6850403547286987,1.0,0.51
451810,0.6230776309967041,0.6850403547286987,1.0,0.48
451900,0.6230776309967041,0.6850403547286987,1.0,0.44
451990,0.6230776309967041,0.6850403547286987,1.0,0.54
452080,0.6230776309967041,0.6850403547286987,1.0,0.55
452170,0.6230776309967041,0.6850403547286987,1.0,0.45
452260,0.6230776309967041,0.6850403547286987,1.0,0.44
452350,0.6230776309967041,0.6850403547286987,1.0,0.38
452440,0.6230776309967041,0.6850403547286987,1.0,0.50
452530,0.6230776309967041,0.6850403547286987,1.0,0.53
452620,0.6230776309967041,0.6850403547286987,1.0,0.52
452710,0.6230776309967041,0.6850403547286987,1.0,0.51
452800,0.6230776309967041,0.6850403547286987,1.0,0.45
452890,0.6230776309967041,0.6850403547286987,1.0,0.60
452980,0.6230776309967041,0.6850403547286987,1.0,0.60
453070,0.6230776309967041,0.6850403547286987,1.0,0.55
453160,0.6230776309967041,0.6850403547286987,1.0,0.51
453250,0.6230776309967041,0.6850403547286987,1.0,0.48
453340,0.6230776309967041,0.6850403547286987,1.0,0.53
453430,0.6230776309967041,0.6850403547286987,1.0,0.47
453520,0.6230776309967041,0.6850403547286987,1.0,0.44
453610,0.6230776309967041,0.6850403547286987,1.0,0.50
453700,0.6230776309967041,0.6850403547286987,1.0,0.52
453790,0.6230776309967041,0.6850403547286987,1.0,0.53
453880,0.6230776309967041,0.6850403547286987,1.0,0.60
453970,0.6230776309967041,0.6850403547286987,1.0,0.46
454060,0.6230776309967041,0.6850403547286987,1.0,0.54
454150,0.6230776309967041,0.6850403547286987,1.0,0.47
454240,0.6230776309967041,0.6850403547286987,1.0,0.58
454330,0.6230776309967041,0.6850403547286987,1.0,0.52
454420,0.6230776309967041,0.6850403547286987,1.0,0.52
454510,0.6230776309967041,0.6850403547286987,1.0,0.45
454600,0.6230776309967041,0.6850403547286987,1.0,0.50
454690,0.6230776309967041,0.6850403547286987,1.0,0.59
454780,0.6230776309967041,0.6850403547286987,1.0,0.53
454870,0.6230776309967041,0.6850403547286987,1.0,0.54
454960,0.6230776309967041,0.6850403547286987,1.0,0.58
455050,0.6230776309967041,0.6850403547286987,1.0,0.56
455140,0.6230776309967041,0.6850403547286987,1.0,0.48
455230,0.6230776309967041,0.6850403547286987,1.0,0.43
455320,0.6230776309967041,0.6850403547286987,1.0,0.44
455410,0.6230776309967041,0.6850403547286987,1.0,0.51
455500,0.6230776309967041,0.6850403547286987,1.0,0.62
455590,0.6230776309967041,0.6850403547286987,1.0,0.55
455680,0.6230776309967041,0.6850403547286987,1.0,0.45
455770,0.6230776309967041,0.6850403547286987,1.0,0.54
455860,0.6230776309967041,0.6850403547286987,1.0,0.42
455950,0.6230776309967041,0.6850403547286987,1.0,0.45
456040,0.6230776309967041,0.6850403547286987,1.0,0.44
456130,0.6230776309967041,0.6850403547286987,1.0,0.57
456220,0.6230776309967041,0.6850403547286987,1.0,0.37
456310,0.6230776309967041,0.6850403547286987,1.0,0.56
456400,0.6230776309967041,0.6850403547286987,1.0,0.47
456490,0.6230776309967041,0.6850403547286987,1.0,0.56
456580,0.6230776309967041,0.6850403547286987,1.0,0.54
456670,0.6230776309967041,0.6850403547286987,1.0,0.51
456760,0.6230776309967041,0.6850403547286987,1.0,0.53
456850,0.6230776309967041,0.6850403547286987,1.0,0.42
456940,0.6230776309967041,0.6850403547286987,1.0,0.50
457030,0.6230776309967041,0.6850403547286987,1.0,0.39
457120,0.6230776309967041,0.6850403547286987,1.0,0.54
457210,0.6230776309967041,0.6850403547286987,1.0,0.57
457300,0.6230776309967041,0.6850403547286987,1.0,0.53
457390,0.6230776309967041,0.6850403547286987,1.0,0.49
457480,0.6230776309967041,0.6850403547286987,1.0,0.43
457570,0.6230776309967041,0.6850403547286987,1.0,0.44
457660,0.6230776309967041,0.6850403547286987,1.0,0.42
457750,0.6230776309967041,0.6850403547286987,1.0,0.56
457840,0.6230776309967041,0.6850403547286987,1.0,0.43
457930,0.6230776309967041,0.6850403547286987,1.0,0.40
458020,0.6230776309967041,0.6850403547286987,1.0,0.42
458110,0.6230776309967041,0.6850403547286987,1.0,0.41
458200,0.6230776309967041,0.6850403547286987,1.0,0.60
458290,0.6230776309967041,0.6850403547286987,1.0,0.53
458380,0.6230776309967041,0.6850403547286987,1.0,0.61
458470,0.6230776309967041,0.6850403547286987,1.0,0.51
458560,0.6230776309967041,0.6850403547286987,1.0,0.50
458650,0.6230776309967041,0.6850403547286987,1.0,0.48
458740,0.6230776309967041,0.6850403547286987,1.0,0.47
458830,0.6230776309967041,0.6850403547286987,1.0,0.58
458920,0.6230776309967041,0.6850403547286987,1.0,0.62
459010,0.6230776309967041,0.6850403547286987,1.0,0.48
459100,0.6230776309967041,0.6850403547286987,1.0,0.56
459190,0.6230776309967041,0.6850403547286987,1.0,0.67
459280,0.6230776309967041,0.6850403547286987,1.0,0.51
459370,0.6230776309967041,0.6850403547286987,1.0,0.46
459460,0.6230776309967041,0.6850403547286987,1.0,0.46
459550,0.6230776309967041,0.6850403547286987,1.0,0.39
459640,0.6230776309967041,0.6850403547286987,1.0,0.45
459730,0.6230776309967041,0.6850403547286987,1.0,0.57
459820,0.6230776309967041,0.6850403547286987,1.0,0.43
459910,0.6230776309967041,0.6850403547286987,1.0,0.56
460000,0.6230776309967041,0.6850403547286987,1.0,0.58
460090,0.6230776309967041,0.6850403547286987,1.0,0.57
460180,0.6230776309967041,0.6850403547286987,1.0,0.38
460270,0.6230776309967041,0.6850403547286987,1.0,0.52
460360,0.6230776309967041,0.6850403547286987,1.0,0.37
460450,0.6230776309967041,0.6850403547286987,1.0,0.40
460540,0.6230776309967041,0.6850403547286987,1.0,0.45
460630,0.6230776309967041,0.6850403547286987,1.0,0.49
460720,0.6230776309967041,0.6850403547286987,1.0,0.40
460810,0.6230776309967041,0.6850403547286987,1.0,0.39
460900,0.6230776309967041,0.6850403547286987,1.0,0.45
460990,0.6230776309967041,0.6850403547286987,1.0,0.53
461080,0.6230776309967041,0.6850403547286987,1.0,0.53
461170,0.6230776309967041,0.6850403547286987,1.0,0.54
461260,0.6230776309967041,0.6850403547286987,1.0,0.39
461350,0.6230776309967041,0.6850403547286987,1.0,0.51
461440,0.6230776309967041,0.6850403547286987,1.0,0.51
461530,0.6230776309967041,0.6850403547286987,1.0,0.46
461620,0.6230776309967041,0.6850403547286987,1.0,0.44
461710,0.6230776309967041,0.6850403547286987,1.0,0.42
461800,0.6230776309967041,0.6850403547286987,1.0,0.52
461890,0.6230776309967041,0.6850403547286987,1.0,0.53
461980,0.6230776309967041,0.6850403547286987,1.0,0.39
462070,0.6230776309967041,0.6850403547286987,1.0,0.53
462160,0.6230776309967041,0.6850403547286987,1.0,0.61
462250,0.6230776309967041,0.6850403547286987,1.0,0.53
462340,0.6230776309967041,0.6850403547286987,1.0,0.40
462430,0.6230776309967041,0.6850403547286987,1.0,0.39
462520,0.6230776309967041,0.6850403547286987,1.0,0.43
462610,0.6230776309967041,0.6850403547286987,1.0,0.52
462700,0.6230776309967041,0.6850403547286987,1.0,0.50
462790,0.6230776309967041,0.6850403547286987,1.0,0.50
462880,0.6230776309967041,0.6850403547286987,1.0,0.56
462970,0.6230776309967041,0.6850403547286987,1.0,0.59
463060,0.6230776309967041,0.6850403547286987,1.0,0.59
463150,0.6230776309967041,0.6850403547286987,1.0,0.49
463240,0.6230776309967041,0.6850403547286987,1.0,0.45
463330,0.6230776309967041,0.6850403547286987,1.0,0.51
463420,0.6230776309967041,0.6850403547286987,1.0,0.54
463510,0.6230776309967041,0.6850403547286987,1.0,0.48
463600,0.6230776309967041,0.6850403547286987,1.0,0.60
463690,0.6230776309967041,0.6850403547286987,1.0,0.57
463780,0.6230776309967041,0.6850403547286987,1.0,0.55
463870,0.6230776309967041,0.6850403547286987,1.0,0.54
463960,0.6230776309967041,0.6850403547286987,1.0,0.53
464050,0.6230776309967041,0.6850403547286987,1.0,0.56
464140,0.6230776309967041,0.6850403547286987,1.0,0.59
464230,0.6230776309967041,0.6850403547286987,1.0,0.42
464320,0.6230776309967041,0.6850403547286987,1.0,0.45
464410,0.6230776309967041,0.6850403547286987,1.0,0.39
464500,0.6230776309967041,0.6850403547286987,1.0,0.51
464590,0.6230776309967041,0.6850403547286987,1.0,0.48
464680,0.6230776309967041,0.6850403547286987,1.0,0.39
464770,0.6230776309967041,0.6850403547286987,1.0,0.55
464860,0.6230776309967041,0.6850403547286987,1.0,0.58
464950,0.6230776309967041,0.6850403547286987,1.0,0.59
465040,0.6230776309967041,0.6850403547286987,1.0,0.46
465130,0.6230776309967041,0.6850403547286987,1.0,0.49
465220,0.6230776309967041,0.6850403547286987,1.0,0.54
465310,0.6230776309967041,0.6850403547286987,1.0,0.59
465400,0.6230776309967041,0.6850403547286987,1.0,0.57
465490,0.6230776309967041,0.6850403547286987,1.0,0.53
465580,0.6230776309967041,0.6850403547286987,1.0,0.38
465670,0.6230776309967041,0.6850403547286987,1.0,0.40
465760,0.6230776309967041,0.6850403547286987,1.0,0.60
465850,0.6230776309967041,0.6850403547286987,1.0,0.53
465940,0.6230776309967041,0.6850403547286987,1.0,0.54
466030,0.6230776309967041,0.6850403547286987,1.0,0.45
466120,0.6230776309967041,0.6850403547286987,1.0,0.37
466210,0.6230776309967041,0.6850403547286987,1.0,0.48
466300,0.6230776309967041,0.6850403547286987,1.0,0.61
466390,0.6230776309967041,0.6850403547286987,1.0,0.48
466480,0.6230776309967041,0.6850403547286987,1.0,0.57
466570,0.6230776309967041,0.6850403547286987,1.0,0.55
466660,0.6230776309967041,0.6850403547286987,1.0,0.38
466750,0.6230776309967041,0.6850403547286987,1.0,0.40
466840,0.6230776309967041,0.6850403547286987,1.0,0.43
466930,0.6864505410194397,0.7276672124862671,1.0,0.61
467020,0.6864505410194397,0.7276672124862671,1.0,0.51
467110,0.6864505410194397,0.7276672124862671,1.0,0.43
467200,0.6864505410194397,0.7276672124862671,1.0,0.53
467290,0.6864505410194397,0.7276672124862671,1.0,0.38
467380,0.6864505410194397,0.7276672124862671,1.0,0.51
467470,0.6864505410194397,0.7276672124862671,1.0,0.51
467560,0.6864505410194397,0.7276672124862671,1.0,0.59
467650,0.6864505410194397,0.7276672124862671,1.0,0.58
467740,0.6864505410194397,0.7276672124862671,1.0,0.45
467830,0.6864505410194397,0.7276672124862671,1.0,0.56
467920,0.6864505410194397,0.7276672124862671,1.0,0.56
468010,0.6864505410194397,0.7276672124862671,1.0,0.60
468100,0.6864505410194397,0.7276672124862671,1.0,0.57
468190,0.6864505410194397,0.7276672124862671,1.0,0.49
468280,0.6864505410194397,0.7276672124862671,1.0,0.45
468370,0.6864505410194397,0.7276672124862671,1.0,0.55
468460,0.6864505410194397,0.7276672124862671,1.0,0.52
468550,0.6864505410194397,0.7276672124862671,1.0,0.52
468640,0.6864505410194397,0.7276672124862671,1.0,0.40
468730,0.6864505410194397,0.7276672124862671,1.0,0.55
468820,0.6864505410194397,0.7276672124862671,1.0,0.49
468910,0.6864505410194397,0.7276672124862671,1.0,0.48
469000,0.6864505410194397,0.7276672124862671,1.0,0.41
469090,0.6864505410194397,0.7276672124862671,1.0,0.39
469180,0.6864505410194397,0.7276672124862671,1.0,0.51
469270,0.6864505410194397,0.7276672124862671,1.0,0.52
469360,0.6864505410194397,0.7276672124862671,1.0,0.56
469450,0.6864505410194397,0.7276672124862671,1.0,0.55
469540,0.6864505410194397,0.7276672124862671,1.0,0.47
469630,0.6864505410194397,0.7276672124862671,1.0,0.57
469720,0.6864505410194397,0.7276672124862671,1.0,0.56
469810,0.6864505410194397,0.7276672124862671,1.0,0.44
469900,0.6864505410194397,0.7276672124862671,1.0,0.41
469990,0.6864505410194397,0.7276672124862671,1.0,0.52
470080,0.6864505410194397,0.7276672124862671,1.0,0.51
470170,0.6864505410194397,0.7276672124862671,1.0,0.52
470260,0.6864505410194397,0.7276672124862671,1.0,0.52
470350,0.6864505410194397,0.7276672124862671,1.0,0.55
470440,0.6864505410194397,0.7276672124862671,1.0,0.42
470530,0.6864505410194397,0.7276672124862671,1.0,0.56
470620,0.6864505410194397,0.7276672124862671,1.0,0.50
470710,0.6864505410194397,0.7276672124862671,1.0,0.60
470800,0.6864505410194397,0.7276672124862671,1.0,0.37
470890,0.6864505410194397,0.7276672124862671,1.0,0.57
470980,0.6864505410194397,0.7276672124862671,1.0,0.49
471070,0.6864505410194397,0.7276672124862671,1.0,0.45
471160,0.6864505410194397,0.7276672124862671,1.0,0.44
471250,0.6864505410194397,0.7276672124862671,1.0,0.54
471340,0.6864505410194397,0.7276672124862671,1.0,0.40
471430,0.6864505410194397,0.7276672124862671,1.0,0.38
471520,0.6864505410194397,0.7276672124862671,1.0,0.52
471610,0.6864505410194397,0.7276672124862671,1.0,0.50
471700,0.6864505410194397,0.7276672124862671,1.0,0.49
471790,0.6864505410194397,0.7276672124862671,1.0,0.38
471880,0.6864505410194397,0.7276672124862671,1.0,0.49
471970,0.6864505410194397,0.7276672124862671,1.0,0.43
472060,0.6864505410194397,0.7276672124862671,1.0,0.49
472150,0.6864505410194397,0.7276672124862671,1.0,0.52
472240,0.6864505410194397,0.7276672124862671,1.0,0.55
472330,0.6864505410194397,0.7276672124862671,1.0,0.50
472420,0.6864505410194397,0.7276672124862671,1.0,0.40
472510,0.6864505410194397,0.7276672124862671,1.0,0.48
472600,0.6864505410194397,0.7276672124862671,1.0,0.57
472690,0.6864505410194397,0.7276672124862671,1.0,0.62
472780,0.6864505410194397,0.7276672124862671,1.0,0.49
472870,0.6864505410194397,0.7276672124862671,1.0,0.46
472960,0.6864505410194397,0.7276672124862671,1.0,0.46
473050,0.6864505410194397,0.7276672124862671,1.0,0.36
473140,0.6864505410194397,0.7276672124862671,1.0,0.37
473230,0.6864505410194397,0.7276672124862671,1.0,0.53
473320,0.6864505410194397,0.7276672124862671,1.0,0.39
473410,0.6864505410194397,0.7276672124862671,1.0,0.57
473500,0.6864505410194397,0.7276672124862671,1.0,0.42
473590,0.6864505410194397,0.7276672124862671,1.0,0.54
473680,0.6864505410194397,0.7276672124862671,1.0,0.59
473770,0.6864505410194397,0.7276672124862671,1.0,0.58
473860,0.6864505410194397,0.7276672124862671,1.0,0.47
473950,0.6864505410194397,0.7276672124862671,1.0,0.60
474040,0.6864505410194397,0.7276672124862671,1.0,0.57
474130,0.6864505410194397,0.7276672124862671,1.0,0.50
474220,0.6864505410194397,0.7276672124862671,1.0,0.41
474310,0.6864505410194397,0.7276672124862671,1.0,0.58
474400,0.6864505410194397,0.7276672124862671,1.0,0.40
474490,0.6864505410194397,0.7276672124862671,1.0,0.57
474580,0.6864505410194397,0.7276672124862671,1.0,0.53
474670,0.6864505410194397,0.7276672124862671,1.0,0.45
474760,0.6864505410194397,0.7276672124862671,1.0,0.42
474850,0.6864505410194397,0.7276672124862671,1.0,0.40
474940,0.6864505410194397,0.7276672124862671,1.0,0.51
475030,0.6864505410194397,0.7276672124862671,1.0,0.47
475120,0.6864505410194397,0.7276672124862671,1.0,0.49
475210,0.6864505410194397,0.7276672124862671,1.0,0.60
475300,0.6864505410194397,0.7276672124862671,1.0,0.54
475390,0.6864505410194397,0.7276672124862671,1.0,0.42
475480,0.6864505410194397,0.7276672124862671,1.0,0.51
475570,0.6864505410194397,0.7276672124862671,1.0,0.39
475660,0.6864505410194397,0.7276672124862671,1.0,0.56
475750,0.6864505410194397,0.7276672124862671,1.0,0.45
475840,0.6864505410194397,0.7276672124862671,1.0,0.43
475930,0.6864505410194397,0.7276672124862671,1.0,0.48
476020,0.6864505410194397,0.7276672124862671,1.0,0.57
476110,0.6864505410194397,0.7276672124862671,1.0,0.39
476200,0.6864505410194397,0.7276672124862671,1.0,0.50
476290,0.6864505410194397,0.7276672124862671,1.0,0.57
476380,0.6864505410194397,0.7276672124862671,1.0,0.44
476470,0.6864505410194397,0.7276672124862671,1.0,0.48
476560,0.6864505410194397,0.7276672124862671,1.0,0.46
476650,0.6864505410194397,0.7276672124862671,1.0,0.54
476740,0.6864505410194397,0.7276672124862671,1.0,0.44
476830,0.6864505410194397,0.7276672124862671,1.0,0.46
476920,0.6864505410194397,0.7276672124862671,1.0,0.45
477010,0.6864505410194397,0.7276672124862671,1.0,0.55
477100,0.6864505410194397,0.7276672124862671,1.0,0.57
477190,0.6864505410194397,0.7276672124862671,1.0,0.59
477280,0.6864505410194397,0.7276672124862671,1.0,0.46
477370,0.6864505410194397,0.7276672124862671,1.0,0.53
477460,0.6864505410194397,0.7276672124862671,1.0,0.60
477550,0.6864505410194397,0.7276672124862671,1.0,0.56
477640,0.6864505410194397,0.7276672124862671,1.0,0.47
477730,0.6864505410194397,0.7276672124862671,1.0,0.60
477820,0.6864505410194397,0.7276672124862671,1.0,0.57
477910,0.6864505410194397,0.7276672124862671,1.0,0.51
478000,0.6864505410194397,0.7276672124862671,1.0,0.55
478090,0.6864505410194397,0.7276672124862671,1.0,0.52
478180,0.6864505410194397,0.7276672124862671,1.0,0.52
478270,0.6864505410194397,0.7276672124862671,1.0,0.54
478360,0.6864505410194397,0.7276672124862671,1.0,0.47
478450,0.6864505410194397,0.7276672124862671,1.0,0.58
478540,0.6864505410194397,0.7276672124862671,1.0,0.49
478630,0.6864505410194397,0.7276672124862671,1.0,0.54
478720,0.6864505410194397,0.7276672124862671,1.0,0.42
478810,0.6864505410194397,0.7276672124862671,1.0,0.46
478900,0.6864505410194397,0.7276672124862671,1.0,0.54
478990,0.6864505410194397,0.7276672124862671,1.0,0.60
479080,0.6864505410194397,0.7276672124862671,1.0,0.52
479170,0.6864505410194397,0.7276672124862671,1.0,0.57
479260,0.6864505410194397,0.7276672124862671,1.0,0.48
479350,0.6864505410194397,0.7276672124862671,1.0,0.42
479440,0.6864505410194397,0.7276672124862671,1.0,0.58
479530,0.6864505410194397,0.7276672124862671,1.0,0.41
479620,0.6864505410194397,0.7276672124862671,1.0,0.55
479710,0.6864505410194397,0.7276672124862671,1.0,0.45
479800,0.6864505410194397,0.7276672124862671,1.0,0.55
479890,0.6864505410194397,0.7276672124862671,1.0,0.54
479980,0.6864505410194397,0.7276672124862671,1.0,0.41
480070,0.6864505410194397,0.7276672124862671,1.0,0.55
480160,0.6864505410194397,0.7276672124862671,1.0,0.56
480250,0.6864505410194397,0.7276672124862671,1.0,0.59
480340,0.6864505410194397,0.7276672124862671,1.0,0.39
480430,0.6864505410194397,0.7276672124862671,1.0,0.47
480520,0.6864505410194397,0.7276672124862671,1.0,0.37
480610,0.6864505410194397,0.7276672124862671,1.0,0.54
480700,0.6864505410194397,0.7276672124862671,1.0,0.57
480790,0.6864505410194397,0.7276672124862671,1.0,0.52
480880,0.6864505410194397,0.7276672124862671,1.0,0.43
480970,0.6864505410194397,0.7276672124862671,1.0,0.46
481060,0.6864505410194397,0.7276672124862671,1.0,0.53
481150,0.6864505410194397,0.7276672124862671,1.0,0.53
481240,0.6864505410194397,0.7276672124862671,1.0,0.37
481330,0.6864505410194397,0.7276672124862671,1.0,0.61
481420,0.6864505410194397,0.7276672124862671,1.0,0.48
481510,0.6864505410194397,0.7276672124862671,1.0,0.46
481600,0.6864505410194397,0.7276672124862671,1.0,0.59
481690,0.6864505410194397,0.7276672124862671,1.0,0.59
481780,0.6864505410194397,0.7276672124862671,1.0,0.54
481870,0.6864505410194397,0.7276672124862671,1.0,0.44
481960,0.6864505410194397,0.7276672124862671,1.0,0.57
482050,0.6864505410194397,0.7276672124862671,1.0,0.60
482140,0.6864505410194397,0.7276672124862671,1.0,0.49
482230,0.6864505410194397,0.7276672124862671,1.0,0.52
482320,0.6864505410194397,0.7276672124862671,1.0,0.57
482410,0.6864505410194397,0.7276672124862671,1.0,0.42
482500,0.6864505410194397,0.7276672124862671,1.0,0.54
482590,0.6864505410194397,0.7276672124862671,1.0,0.59
482680,0.6864505410194397,0.7276672124862671,1.0,0.52
482770,0.6864505410194397,0.7276672124862671,1.0,0.57
482860,0.6864505410194397,0.7276672124862671,1.0,0.48
482950,0.6864505410194397,0.7276672124862671,1.0,0.40
483040,0.6864505410194397,0.7276672124862671,1.0,0.39
483130,0.6864505410194397,0.7276672124862671,1.0,0.48
483220,0.6864505410194397,0.7276672124862671,1.0,0.42
483310,0.6864505410194397,0.7276672124862671,1.0,0.52
483400,0.6864505410194397,0.7276672124862671,1.0,0.46
483490,0.6864505410194397,0.7276672124862671,1.0,0.47
483580,0.6864505410194397,0.7276672124862671,1.0,0.52
483670,0.6864505410194397,0.7276672124862671,1.0,0.47
483760,0.6864505410194397,0.7276672124862671,1.0,0.52
483850,0.6864505410194397,0.7276672124862671,1.0,0.48
483940,0.6864505410194397,0.7276672124862671,1.0,0.40
484030,0.6864505410194397,0.7276672124862671,1.0,0.51
484120,0.6864505410194397,0.7276672124862671,1.0,0.56
484210,0.6864505410194397,0.7276672124862671,1.0,0.53
484300,0.6864505410194397,0.7276672124862671,1.0,0.55
484390,0.6864505410194397,0.7276672124862671,1.0,0.40
484480,0.6864505410194397,0.7276672124862671,1.0,0.41
484570,0.6864505410194397,0.7276672124862671,1.0,0.59
484660,0.6864505410194397,0.7276672124862671,1.0,0.48
484750,0.6864505410194397,0.7276672124862671,1.0,0.40
484840,0.6864505410194397,0.7276672124862671,1.0,0.52
484930,0.6864505410194397,0.7276672124862671,1.0,0.42
485020,0.6864505410194397,0.7276672124862671,1.0,0.44
485110,0.6864505410194397,0.7276672124862671,1.0,0.52
485200,0.6864505410194397,0.7276672124862671,1.0,0.46
485290,0.6864505410194397,0.7276672124862671,1.0,0.45
485380,0.6864505410194397,0.7276672124862671,1.0,0.42
485470,0.6864505410194397,0.7276672124862671,1.0,0.50
485560,0.6864505410194397,0.7276672124862671,1.0,0.48
485650,0.6864505410194397,0.7276672124862671,1.0,0.44
485740,0.6864505410194397,0.7276672124862671,1.0,0.41
485830,0.6864505410194397,0.7276672124862671,1.0,0.57
485920,0.6864505410194397,0.7276672124862671,1.0,0.48
486010,0.6864505410194397,0.7276672124862671,1.0,0.47
486100,0.6864505410194397,0.7276672124862671,1.0,0.47
486190,0.6864505410194397,0.7276672124862671,1.0,0.52
486280,0.6864505410194397,0.7276672124862671,1.0,0.46
486370,0.6864505410194397,0.7276672124862671,1.0,0.45
486460,0.6864505410194397,0.7276672124862671,1.0,0.38
486550,0.6864505410194397,0.7276672124862671,1.0,0.48
486640,0.6864505410194397,0.7276672124862671,1.0,0.51
486730,0.6864505410194397,0.7276672124862671,1.0,0.39
486820,0.6864505410194397,0.7276672124862671,1.0,0.53
486910,0.6864505410194397,0.7276672124862671,1.0,0.49
487000,0.6864505410194397,0.7276672124862671,1.0,0.55
487090,0.6864505410194397,0.7276672124862671,1.0,0.53
487180,0.6864505410194397,0.7276672124862671,1.0,0.56
487270,0.6864505410194397,0.7276672124862671,1.0,0.55
487360,0.6864505410194397,0.7276672124862671,1.0,0.46
487450,0.6864505410194397,0.7276672124862671,1.0,0.59
487540,0.6864505410194397,0.7276672124862671,1.0,0.60
487630,0.6864505410194397,0.7276672124862671,1.0,0.57
487720,0.6864505410194397,0.7276672124862671,1.0,0.38
487810,0.6864505410194397,0.7276672124862671,1.0,0.55
487900,0.6864505410194397,0.7276672124862671,1.0,0.55
487990,0.6864505410194397,0.7276672124862671,1.0,0.42
488080,0.6864505410194397,0.7276672124862671,1.0,0.49
488170,0.6864505410194397,0.7276672124862671,1.0,0.50
488260,0.6864505410194397,0.7276672124862671,1.0,0.57
488350,0.6864505410194397,0.7276672124862671,1.0,0.50
488440,0.6864505410194397,0.7276672124862671,1.0,0.61
488530,0.6864505410194397,0.7276672124862671,1.0,0.54
488620,0.6864505410194397,0.7276672124862671,1.0,0.51
488710,0.6864505410194397,0.7276672124862671,1.0,0.51
488800,0.6864505410194397,0.7276672124862671,1.0,0.45
488890,0.6864505410194397,0.7276672124862671,1.0,0.40
488980,0.6864505410194397,0.7276672124862671,1.0,0.38
489070,0.6864505410194397,0.7276672124862671,1.0,0.54
489160,0.6864505410194397,0.7276672124862671,1.0,0.51
489250,0.6864505410194397,0.7276672124862671,1.0,0.47
489340,0.6864505410194397,0.7276672124862671,1.0,0.62
489430,0.6864505410194397,0.7276672124862671,1.0,0.53
489520,0.6864505410194397,0.7276672124862671,1.0,0.49
489610,0.6864505410194397,0.7276672124862671,1.0,0.44
489700,0.6864505410194397,0.7276672124862671,1.0,0.52
489790,0.6864505410194397,0.7276672124862671,1.0,0.47
489880,0.6864505410194397,0.7276672124862671,1.0,0.50
489970,0.6864505410194397,0.7276672124862671,1.0,0.45
490060,0.6864505410194397,0.7276672124862671,1.0,0.38
490150,0.6864505410194397,0.7276672124862671,1.0,0.39
490240,0.6864505410194397,0.7276672124862671,1.0,0.40
490330,0.6864505410194397,0.7276672124862671,1.0,0.52
490420,0.6864505410194397,0.7276672124862671,1.0,0.60
490510,0.6864505410194397,0.7276672124862671,1.0,0.37
490600,0.6864505410194397,0.7276672124862671,1.0,0.59
490690,0.6864505410194397,0.7276672124862671,1.0,0.49
490780,0.6864505410194397,0.7276672124862671,1.0,0.45
490870,0.6864505410194397,0.7276672124862671,1.0,0.49
490960,0.6864505410194397,0.7276672124862671,1.0,0.36
491050,0.6864505410194397,0.7276672124862671,1.0,0.41
491140,0.6864505410194397,0.7276672124862671,1.0,0.51
491230,0.6864505410194397,0.7276672124862671,1.0,0.56
491320,0.6864505410194397,0.7276672124862671,1.0,0.41
491410,0.6864505410194397,0.7276672124862671,1.0,0.37
491500,0.6864505410194397,0.7276672124862671,1.0,0.55
491590,0.6864505410194397,0.7276672124862671,1.0,0.40
491680,0.6864505410194397,0.7276672124862671,1.0,0.40
491770,0.6864505410194397,0.7276672124862671,1.0,0.52
491860,0.6864505410194397,0.7276672124862671,1.0,0.45
491950,0.6864505410194397,0.7276672124862671,1.0,0.55
492040,0.6864505410194397,0.7276672124862671,1.0,0.59
492130,0.6864505410194397,0.7276672124862671,1.0,0.51
492220,0.6864505410194397,0.7276672124862671,1.0,0.54
492310,0.6864505410194397,0.7276672124862671,1.0,0.54
492400,0.6864505410194397,0.7276672124862671,1.0,0.56
492490,0.6864505410194397,0.7276672124862671,1.0,0.50
492580,0.6864505410194397,0.7276672124862671,1.0,0.47
492670,0.6864505410194397,0.7276672124862671,1.0,0.55
492760,0.6864505410194397,0.7276672124862671,1.0,0.59
492850,0.6864505410194397,0.7276672124862671,1.0,0.45
492940,0.6864505410194397,0.7276672124862671,1.0,0.57
493030,0.6864505410194397,0.7276672124862671,1.0,0.58
493120,0.6864505410194397,0.7276672124862671,1.0,0.52
493210,0.6864505410194397,0.7276672124862671,1.0,0.48
493300,0.6864505410194397,0.7276672124862671,1.0,0.41
493390,0.6864505410194397,0.7276672124862671,1.0,0.62
493480,0.6864505410194397,0.7276672124862671,1.0,0.44
493570,0.6864505410194397,0.7276672124862671,1.0,0.45
493660,0.6864505410194397,0.7276672124862671,1.0,0.49
493750,0.6864505410194397,0.7276672124862671,1.0,0.53
493840,0.6864505410194397,0.7276672124862671,1.0,0.44
493930,0.6864505410194397,0.7276672124862671,1.0,0.38
494020,0.6864505410194397,0.7276672124862671,1.0,0.49
494110,0.6864505410194397,0.7276672124862671,1.0,0.54
494200,0.6864505410194397,0.7276672124862671,1.0,0.48
494290,0.6864505410194397,0.7276672124862671,1.0,0.54
494380,0.6864505410194397,0.7276672124862671,1.0,0.43
494470,0.6864505410194397,0.7276672124862671,1.0,0.52
494560,0.6864505410194397,0.7276672124862671,1.0,0.61
494650,0.6864505410194397,0.7276672124862671,1.0,0.52
494740,0.6864505410194397,0.7276672124862671,1.0,0.51
494830,0.6864505410194397,0.7276672124862671,1.0,0.40
494920,0.6864505410194397,0.7276672124862671,1.0,0.50
495010,0.6864505410194397,0.7276672124862671,1.0,0.46
495100,0.6864505410194397,0.7276672124862671,1.0,0.45
495190,0.6864505410194397,0.7276672124862671,1.0,0.65
495280,0.6864505410194397,0.7276672124862671,1.0,0.49
495370,0.6864505410194397,0.7276672124862671,1.0,0.52
495460,0.6864505410194397,0.7276672124862671,1.0,0.43
495550,0.6864505410194397,0.7276672124862671,1.0,0.57
495640,0.6864505410194397,0.7276672124862671,1.0,0.50
495730,0.6864505410194397,0.7276672124862671,1.0,0.46
495820,0.6864505410194397,0.7276672124862671,1.0,0.55
495910,0.6864505410194397,0.7276672124862671,1.0,0.58
496000,0.6864505410194397,0.7276672124862671,1.0,0.47
496090,0.6864505410194397,0.7276672124862671,1.0,0.38
496180,0.6864505410194397,0.7276672124862671,1.0,0.58
496270,0.6864505410194397,0.7276672124862671,1.0,0.59
496360,0.6864505410194397,0.7276672124862671,1.0,0.53
496450,0.6864505410194397,0.7276672124862671,1.0,0.47
496540,0.6864505410194397,0.7276672124862671,1.0,0.49
496630,0.6864505410194397,0.7276672124862671,1.0,0.55
496720,0.6864505410194397,0.7276672124862671,1.0,0.46
496810,0.6864505410194397,0.7276672124862671,1.0,0.48
496900,0.6864505410194397,0.7276672124862671,1.0,0.46
496990,0.6864505410194397,0.7276672124862671,1.0,0.55
497080,0.6864505410194397,0.7276672124862671,1.0,0.55
497170,0.6864505410194397,0.7276672124862671,1.0,0.60
497260,0.6864505410194397,0.7276672124862671,1.0,0.63
497350,0.6864505410194397,0.7276672124862671,1.0,0.53
497440,0.6864505410194397,0.7276672124862671,1.0,0.47
497530,0.6864505410194397,0.7276672124862671,1.0,0.62
497620,0.6864505410194397,0.7276672124862671,1.0,0.40
497710,0.6864505410194397,0.7276672124862671,1.0,0.47
497800,0.6864505410194397,0.7276672124862671,1.0,0.44
497890,0.6864505410194397,0.7276672124862671,1.0,0.53
497980,0.6864505410194397,0.7276672124862671,1.0,0.46
498070,0.6864505410194397,0.7276672124862671,1.0,0.43
498160,0.6864505410194397,0.7276672124862671,1.0,0.56
498250,0.6864505410194397,0.7276672124862671,1.0,0.40
498340,0.6864505410194397,0.7276672124862671,1.0,0.51
498430,0.6864505410194397,0.7276672124862671,1.0,0.49
498520,0.6864505410194397,0.7276672124862671,1.0,0.43
498610,0.6864505410194397,0.7276672124862671,1.0,0.39
498700,0.6864505410194397,0.7276672124862671,1.0,0.54
498790,0.6864505410194397,0.7276672124862671,1.0,0.46
498880,0.6864505410194397,0.7276672124862671,1.0,0.58
498970,0.6864505410194397,0.7276672124862671,1.0,0.39
499060,0.6864505410194397,0.7276672124862671,1.0,0.48
499150,0.6864505410194397,0.7276672124862671,1.0,0.44
499240,0.6864505410194397,0.7276672124862671,1.0,0.52
499330,0.6864505410194397,0.7276672124862671,1.0,0.56
499420,0.6864505410194397,0.7276672124862671,1.0,0.42
499510,0.6864505410194397,0.7276672124862671,1.0,0.52
499600,0.6864505410194397,0.7276672124862671,1.0,0.39
499690,0.6864505410194397,0.7276672124862671,1.0,0.52
499780,0.6864505410194397,0.7276672124862671,1.0,0.60
499870,0.6864505410194397,0.7276672124862671,1.0,0.60
499960,0.6864505410194397,0.7276672124862671,1.0,0.56
500050,0.6864505410194397,0.7276672124862671,1.0,0.56
