evaluation,fitness,test_accuracy,uniqueness,time
0,0.09355288743972778,0.08521062135696411,1.0,2.67
1000,0.09355288743972778,0.08521062135696411,1.0,2.67
2000,0.09355288743972778,0.08521062135696411,1.0,2.67
3000,0.09355288743972778,0.08521062135696411,1.0,2.67
4000,0.09355288743972778,0.08521062135696411,1.0,2.67
5000,0.09355288743972778,0.08521062135696411,1.0,2.67
6000,0.09355288743972778,0.08521062135696411,1.0,2.67
7000,0.09355288743972778,0.08521062135696411,1.0,2.67
8000,0.09355288743972778,0.08521062135696411,1.0,2.67
9000,0.09355288743972778,0.08521062135696411,1.0,2.67
10000,0.09355288743972778,0.08521062135696411,1.0,2.67
11000,0.09355288743972778,0.08521062135696411,1.0,2.67
12000,0.09355288743972778,0.08521062135696411,1.0,2.67
13000,0.09355288743972778,0.08521062135696411,1.0,2.67
14000,0.09355288743972778,0.08521062135696411,1.0,2.67
15000,0.09355288743972778,0.08521062135696411,1.0,2.67
16000,0.09355288743972778,0.08521062135696411,1.0,2.67
17000,0.09355288743972778,0.08521062135696411,1.0,2.67
18000,0.09355288743972778,0.08521062135696411,1.0,2.67
19000,0.09355288743972778,0.08521062135696411,1.0,2.67
20000,0.09355288743972778,0.08521062135696411,1.0,2.67
21000,0.20340877771377563,0.24066179990768433,1.0,2.67
22000,0.20340877771377563,0.24066179990768433,1.0,2.67
23000,0.20340877771377563,0.24066179990768433,1.0,2.67
24000,0.20340877771377563,0.24066179990768433,1.0,2.67
25000,0.2590756416320801,0.395485520362854,1.0,2.67
26000,0.2590756416320801,0.395485520362854,1.0,2.67
27000,0.2590756416320801,0.395485520362854,1.0,2.67
28000,0.2590756416320801,0.395485520362854,1.0,2.67
29000,0.2590756416320801,0.395485520362854,1.0,2.67
30000,0.2590756416320801,0.395485520362854,1.0,2.67
31000,0.2590756416320801,0.395485520362854,1.0,2.67
32000,0.2590756416320801,0.395485520362854,1.0,2.67
33000,0.2590756416320801,0.395485520362854,1.0,2.67
34000,0.3981524109840393,0.4378798007965088,1.0,2.67
35000,0.3981524109840393,0.4378798007965088,1.0,2.67
36000,0.40190571546554565,0.42577528953552246,1.0,2.67
37000,0.40190571546554565,0.42577528953552246,1.0,2.67
38000,0.40190571546554565,0.42577528953552246,1.0,2.67
39000,0.40190571546554565,0.42577528953552246,1.0,2.67
40000,0.40190571546554565,0.42577528953552246,1.0,2.67
41000,0.40190571546554565,0.42577528953552246,1.0,2.67
42000,0.40190571546554565,0.42577528953552246,1.0,2.67
43000,0.40190571546554565,0.42577528953552246,1.0,2.67
44000,0.40190571546554565,0.42577528953552246,1.0,2.67
45000,0.40190571546554565,0.42577528953552246,1.0,2.67
46000,0.40190571546554565,0.42577528953552246,1.0,2.67
47000,0.40190571546554565,0.42577528953552246,1.0,2.67
48000,0.40190571546554565,0.42577528953552246,1.0,2.67
49000,0.40190571546554565,0.42577528953552246,1.0,2.67
50000,0.40190571546554565,0.42577528953552246,1.0,2.67
51000,0.40190571546554565,0.42577528953552246,1.0,2.67
52000,0.40190571546554565,0.42577528953552246,1.0,2.67
53000,0.40190571546554565,0.42577528953552246,1.0,2.67
54000,0.40190571546554565,0.42577528953552246,1.0,2.67
55000,0.40190571546554565,0.42577528953552246,1.0,2.67
56000,0.40190571546554565,0.42577528953552246,1.0,2.67
57000,0.40190571546554565,0.42577528953552246,1.0,2.67
58000,0.40190571546554565,0.42577528953552246,1.0,2.67
59000,0.40190571546554565,0.42577528953552246,1.0,2.67
60000,0.40190571546554565,0.42577528953552246,1.0,2.67
61000,0.40190571546554565,0.42577528953552246,1.0,2.67
62000,0.40190571546554565,0.42577528953552246,1.0,2.67
63000,0.40190571546554565,0.42577528953552246,1.0,2.67
64000,0.40190571546554565,0.42577528953552246,1.0,2.67
65000,0.40190571546554565,0.42577528953552246,1.0,2.67
66000,0.40190571546554565,0.42577528953552246,1.0,2.67
67000,0.40190571546554565,0.42577528953552246,1.0,2.67
68000,0.40190571546554565,0.42577528953552246,1.0,2.67
69000,0.40190571546554565,0.42577528953552246,1.0,2.67
70000,0.40190571546554565,0.42577528953552246,1.0,2.67
71000,0.40190571546554565,0.42577528953552246,1.0,2.67
72000,0.40190571546554565,0.42577528953552246,1.0,2.67
73000,0.475381076335907,0.5191189050674438,1.0,2.67
74000,0.475381076335907,0.5191189050674438,1.0,2.67
75000,0.475381076335907,0.5191189050674438,1.0,2.67
76000,0.475381076335907,0.5191189050674438,1.0,2.67
77000,0.475381076335907,0.5191189050674438,1.0,2.67
78000,0.475381076335907,0.5191189050674438,1.0,2.67
79000,0.475381076335907,0.5191189050674438,1.0,2.67
80000,0.475381076335907,0.5191189050674438,1.0,2.67
81000,0.475381076335907,0.5191189050674438,1.0,2.67
82000,0.475381076335907,0.5191189050674438,1.0,2.67
83000,0.6794332265853882,0.6913400888442993,1.0,2.67
84000,0.6794332265853882,0.6913400888442993,1.0,2.67
85000,0.6794332265853882,0.6913400888442993,1.0,2.67
86000,0.6794332265853882,0.6913400888442993,1.0,2.67
87000,0.6794332265853882,0.6913400888442993,1.0,2.67
88000,0.6794332265853882,0.6913400888442993,1.0,2.67
89000,0.6794332265853882,0.6913400888442993,1.0,2.67
90000,0.6794332265853882,0.6913400888442993,1.0,2.67
91000,0.6794332265853882,0.6913400888442993,1.0,2.67
92000,0.6794332265853882,0.6913400888442993,1.0,2.67
93000,0.6794332265853882,0.6913400888442993,1.0,2.67
94000,0.6794332265853882,0.6913400888442993,1.0,2.67
95000,0.6794332265853882,0.6913400888442993,1.0,2.67
96000,0.6794332265853882,0.6913400888442993,1.0,2.67
97000,0.6794332265853882,0.6913400888442993,1.0,2.67
98000,0.6794332265853882,0.6913400888442993,1.0,2.67
99000,0.6794332265853882,0.6913400888442993,1.0,2.67
100000,0.6794332265853882,0.6913400888442993,1.0,2.67
101000,0.6794332265853882,0.6913400888442993,1.0,2.67
102000,0.6794332265853882,0.6913400888442993,1.0,2.67
103000,0.6794332265853882,0.6913400888442993,1.0,2.67
104000,0.6794332265853882,0.6913400888442993,1.0,2.67
105000,0.6794332265853882,0.6913400888442993,1.0,2.67
106000,0.6794332265853882,0.6913400888442993,1.0,2.67
107000,0.6794332265853882,0.6913400888442993,1.0,2.67
108000,0.6794332265853882,0.6913400888442993,1.0,2.67
109000,0.6794332265853882,0.6913400888442993,1.0,2.67
110000,0.6794332265853882,0.6913400888442993,1.0,2.67
111000,0.6794332265853882,0.6913400888442993,1.0,2.67
112000,0.6794332265853882,0.6913400888442993,1.0,2.67
113000,0.6794332265853882,0.6913400888442993,1.0,2.67
114000,0.6794332265853882,0.6913400888442993,1.0,2.67
115000,0.6794332265853882,0.6913400888442993,1.0,2.67
116000,0.6794332265853882,0.6913400888442993,1.0,2.67
117000,0.6794332265853882,0.6913400888442993,1.0,2.67
118000,0.6794332265853882,0.6913400888442993,1.0,2.67
119000,0.6794332265853882,0.6913400888442993,1.0,2.67
120000,0.6794332265853882,0.6913400888442993,1.0,2.67
121000,0.6794332265853882,0.6913400888442993,1.0,2.67
122000,0.6794332265853882,0.6913400888442993,1.0,2.67
123000,0.6794332265853882,0.6913400888442993,1.0,2.67
124000,0.6794332265853882,0.6913400888442993,1.0,2.67
125000,0.6794332265853882,0.6913400888442993,1.0,2.67
126000,0.6794332265853882,0.6913400888442993,1.0,2.67
127000,0.6794332265853882,0.6913400888442993,1.0,2.67
128000,0.6794332265853882,0.6913400888442993,1.0,2.67
129000,0.6794332265853882,0.6913400888442993,1.0,2.67
130000,0.6794332265853882,0.6913400888442993,1.0,2.67
131000,0.6794332265853882,0.6913400888442993,1.0,2.67
132000,0.6794332265853882,0.6913400888442993,1.0,2.67
133000,0.6794332265853882,0.6913400888442993,1.0,2.67
134000,0.6794332265853882,0.6913400888442993,1.0,2.67
135000,0.6794332265853882,0.6913400888442993,1.0,2.67
136000,0.6794332265853882,0.6913400888442993,1.0,2.67
137000,0.6794332265853882,0.6913400888442993,1.0,2.67
138000,0.6794332265853882,0.6913400888442993,1.0,2.67
139000,0.6794332265853882,0.6913400888442993,1.0,2.67
140000,0.6794332265853882,0.6913400888442993,1.0,2.67
141000,0.6794332265853882,0.6913400888442993,1.0,2.67
142000,0.6794332265853882,0.6913400888442993,1.0,2.67
143000,0.6794332265853882,0.6913400888442993,1.0,2.67
144000,0.6794332265853882,0.6913400888442993,1.0,2.67
145000,0.6794332265853882,0.6913400888442993,1.0,2.67
146000,0.6794332265853882,0.6913400888442993,1.0,2.67
147000,0.6794332265853882,0.6913400888442993,1.0,2.67
148000,0.6794332265853882,0.6913400888442993,1.0,2.67
149000,0.6794332265853882,0.6913400888442993,1.0,2.67
150000,0.6794332265853882,0.6913400888442993,1.0,2.67
151000,0.6794332265853882,0.6913400888442993,1.0,2.67
152000,0.6794332265853882,0.6913400888442993,1.0,2.67
153000,0.6794332265853882,0.6913400888442993,1.0,2.67
154000,0.6794332265853882,0.6913400888442993,1.0,2.67
155000,0.6794332265853882,0.6913400888442993,1.0,2.67
156000,0.6794332265853882,0.6913400888442993,1.0,2.67
157000,0.6794332265853882,0.6913400888442993,1.0,2.67
158000,0.6794332265853882,0.6913400888442993,1.0,2.67
159000,0.6794332265853882,0.6913400888442993,1.0,2.67
160000,0.6794332265853882,0.6913400888442993,1.0,2.67
161000,0.6794332265853882,0.6913400888442993,1.0,2.67
162000,0.6794332265853882,0.6913400888442993,1.0,2.67
163000,0.6794332265853882,0.6913400888442993,1.0,2.67
164000,0.6794332265853882,0.6913400888442993,1.0,2.67
165000,0.6794332265853882,0.6913400888442993,1.0,2.67
166000,0.6794332265853882,0.6913400888442993,1.0,2.67
167000,0.6794332265853882,0.6913400888442993,1.0,2.67
168000,0.6794332265853882,0.6913400888442993,1.0,2.67
169000,0.6794332265853882,0.6913400888442993,1.0,2.67
170000,0.6794332265853882,0.6913400888442993,1.0,2.67
171000,0.6794332265853882,0.6913400888442993,1.0,2.67
172000,0.6794332265853882,0.6913400888442993,1.0,2.67
173000,0.6794332265853882,0.6913400888442993,1.0,2.67
174000,0.6794332265853882,0.6913400888442993,1.0,2.67
175000,0.6794332265853882,0.6913400888442993,1.0,2.67
176000,0.6794332265853882,0.6913400888442993,1.0,2.67
177000,0.6794332265853882,0.6913400888442993,1.0,2.67
178000,0.6794332265853882,0.6913400888442993,1.0,2.67
179000,0.6794332265853882,0.6913400888442993,1.0,2.67
180000,0.6794332265853882,0.6913400888442993,1.0,2.67
181000,0.6794332265853882,0.6913400888442993,1.0,2.67
182000,0.6794332265853882,0.6913400888442993,1.0,2.67
183000,0.6794332265853882,0.6913400888442993,1.0,2.67
184000,0.6794332265853882,0.6913400888442993,1.0,2.67
185000,0.6794332265853882,0.6913400888442993,1.0,2.67
186000,0.6794332265853882,0.6913400888442993,1.0,2.67
187000,0.6794332265853882,0.6913400888442993,1.0,2.67
188000,0.6794332265853882,0.6913400888442993,1.0,2.67
189000,0.6794332265853882,0.6913400888442993,1.0,2.67
190000,0.6794332265853882,0.6913400888442993,1.0,2.67
191000,0.6794332265853882,0.6913400888442993,1.0,2.67
192000,0.6794332265853882,0.6913400888442993,1.0,2.67
193000,0.6794332265853882,0.6913400888442993,1.0,2.67
194000,0.6794332265853882,0.6913400888442993,1.0,2.67
195000,0.6794332265853882,0.6913400888442993,1.0,2.67
196000,0.6794332265853882,0.6913400888442993,1.0,2.67
197000,0.6794332265853882,0.6913400888442993,1.0,2.67
198000,0.6794332265853882,0.6913400888442993,1.0,2.67
199000,0.6794332265853882,0.6913400888442993,1.0,2.67
200000,0.6794332265853882,0.6913400888442993,1.0,2.67
201000,0.6794332265853882,0.6913400888442993,1.0,2.67
202000,0.6794332265853882,0.6913400888442993,1.0,2.67
203000,0.6794332265853882,0.6913400888442993,1.0,2.67
204000,0.6794332265853882,0.6913400888442993,1.0,2.67
205000,0.6794332265853882,0.6913400888442993,1.0,2.67
206000,0.6794332265853882,0.6913400888442993,1.0,2.67
207000,0.6794332265853882,0.6913400888442993,1.0,2.67
208000,0.6794332265853882,0.6913400888442993,1.0,2.67
209000,0.6794332265853882,0.6913400888442993,1.0,2.67
210000,0.6794332265853882,0.6913400888442993,1.0,2.67
211000,0.6794332265853882,0.6913400888442993,1.0,2.67
212000,0.6794332265853882,0.6913400888442993,1.0,2.67
213000,0.6794332265853882,0.6913400888442993,1.0,2.67
214000,0.6794332265853882,0.6913400888442993,1.0,2.67
215000,0.6794332265853882,0.6913400888442993,1.0,2.67
216000,0.6794332265853882,0.6913400888442993,1.0,2.67
217000,0.6794332265853882,0.6913400888442993,1.0,2.67
218000,0.6794332265853882,0.6913400888442993,1.0,2.67
219000,0.6794332265853882,0.6913400888442993,1.0,2.67
220000,0.6794332265853882,0.6913400888442993,1.0,2.67
221000,0.6794332265853882,0.6913400888442993,1.0,2.67
222000,0.6794332265853882,0.6913400888442993,1.0,2.67
223000,0.6794332265853882,0.6913400888442993,1.0,2.67
224000,0.6794332265853882,0.6913400888442993,1.0,2.67
225000,0.6794332265853882,0.6913400888442993,1.0,2.67
226000,0.6794332265853882,0.6913400888442993,1.0,2.67
227000,0.6794332265853882,0.6913400888442993,1.0,2.67
228000,0.6794332265853882,0.6913400888442993,1.0,2.67
229000,0.6794332265853882,0.6913400888442993,1.0,2.67
230000,0.6794332265853882,0.6913400888442993,1.0,2.67
231000,0.6794332265853882,0.6913400888442993,1.0,2.67
232000,0.6794332265853882,0.6913400888442993,1.0,2.67
233000,0.6794332265853882,0.6913400888442993,1.0,2.67
234000,0.6794332265853882,0.6913400888442993,1.0,2.67
235000,0.6794332265853882,0.6913400888442993,1.0,2.67
236000,0.6794332265853882,0.6913400888442993,1.0,2.67
237000,0.6794332265853882,0.6913400888442993,1.0,2.67
238000,0.6794332265853882,0.6913400888442993,1.0,2.67
239000,0.6794332265853882,0.6913400888442993,1.0,2.67
240000,0.6794332265853882,0.6913400888442993,1.0,2.67
241000,0.6794332265853882,0.6913400888442993,1.0,2.67
242000,0.6794332265853882,0.6913400888442993,1.0,2.67
243000,0.6794332265853882,0.6913400888442993,1.0,2.67
244000,0.6794332265853882,0.6913400888442993,1.0,2.67
245000,0.6794332265853882,0.6913400888442993,1.0,2.67
246000,0.6794332265853882,0.6913400888442993,1.0,2.67
247000,0.6794332265853882,0.6913400888442993,1.0,2.67
248000,0.6794332265853882,0.6913400888442993,1.0,2.67
249000,0.6794332265853882,0.6913400888442993,1.0,2.67
250000,0.6794332265853882,0.6913400888442993,1.0,2.67
251000,0.6794332265853882,0.6913400888442993,1.0,2.67
252000,0.6794332265853882,0.6913400888442993,1.0,2.67
253000,0.6794332265853882,0.6913400888442993,1.0,2.67
254000,0.6794332265853882,0.6913400888442993,1.0,2.67
255000,0.6794332265853882,0.6913400888442993,1.0,2.67
256000,0.6847226619720459,0.4542630910873413,1.0,2.67
257000,0.772527277469635,0.7328156232833862,1.0,2.67
258000,0.772527277469635,0.7328156232833862,1.0,2.67
259000,0.772527277469635,0.7328156232833862,1.0,2.67
260000,0.772527277469635,0.7328156232833862,1.0,2.67
261000,0.772527277469635,0.7328156232833862,1.0,2.67
262000,0.772527277469635,0.7328156232833862,1.0,2.67
263000,0.772527277469635,0.7328156232833862,1.0,2.67
264000,0.772527277469635,0.7328156232833862,1.0,2.67
265000,0.772527277469635,0.7328156232833862,1.0,2.67
266000,0.772527277469635,0.7328156232833862,1.0,2.67
267000,0.772527277469635,0.7328156232833862,1.0,2.67
268000,0.772527277469635,0.7328156232833862,1.0,2.67
269000,0.772527277469635,0.7328156232833862,1.0,2.67
270000,0.772527277469635,0.7328156232833862,1.0,2.67
271000,0.772527277469635,0.7328156232833862,1.0,2.67
272000,0.772527277469635,0.7328156232833862,1.0,2.67
273000,0.772527277469635,0.7328156232833862,1.0,2.67
274000,0.772527277469635,0.7328156232833862,1.0,2.67
275000,0.772527277469635,0.7328156232833862,1.0,2.67
276000,0.772527277469635,0.7328156232833862,1.0,2.67
277000,0.772527277469635,0.7328156232833862,1.0,2.67
278000,0.772527277469635,-0.00013315677642822266,1.0,2.38
279000,0.772527277469635,-0.00013315677642822266,1.0,2.38
280000,0.772527277469635,-0.00013315677642822266,1.0,2.38
281000,0.772527277469635,-0.00013315677642822266,1.0,2.38
282000,0.772527277469635,-0.00013315677642822266,1.0,2.38
283000,0.772527277469635,-0.00013315677642822266,1.0,2.38
284000,0.772527277469635,-0.00013315677642822266,1.0,2.38
285000,0.772527277469635,-0.00013315677642822266,1.0,2.38
286000,0.772527277469635,-0.00013315677642822266,1.0,2.38
287000,0.772527277469635,-0.00013315677642822266,1.0,2.38
288000,0.772527277469635,-0.00013315677642822266,1.0,2.38
289000,0.772527277469635,-0.00013315677642822266,1.0,2.38
290000,0.772527277469635,-0.00013315677642822266,1.0,2.38
291000,0.772527277469635,-0.00013315677642822266,1.0,2.38
292000,0.772527277469635,-0.00013315677642822266,1.0,2.38
293000,0.772527277469635,-0.00013315677642822266,1.0,2.38
294000,0.772527277469635,-0.00013315677642822266,1.0,2.38
295000,0.772527277469635,-0.00013315677642822266,1.0,2.38
296000,0.772527277469635,-0.00013315677642822266,1.0,2.38
297000,0.772527277469635,-0.00013315677642822266,1.0,2.38
298000,0.772527277469635,-0.00013315677642822266,1.0,2.38
299000,0.772527277469635,-0.00013315677642822266,1.0,2.38
300000,0.772527277469635,-0.00013315677642822266,1.0,2.38
301000,0.772527277469635,-0.00013315677642822266,1.0,2.38
302000,0.772527277469635,-0.00013315677642822266,1.0,2.38
303000,0.772527277469635,-0.00013315677642822266,1.0,2.38
304000,0.772527277469635,-0.00013315677642822266,1.0,2.38
305000,0.772527277469635,-0.00013315677642822266,1.0,2.38
306000,0.772527277469635,-0.00013315677642822266,1.0,2.38
307000,0.772527277469635,-0.00013315677642822266,1.0,2.38
308000,0.772527277469635,-0.00013315677642822266,1.0,2.38
309000,0.772527277469635,-0.00013315677642822266,1.0,2.38
310000,0.772527277469635,-0.00013315677642822266,1.0,2.38
311000,0.772527277469635,-0.00013315677642822266,1.0,2.38
312000,0.772527277469635,-0.00013315677642822266,1.0,2.38
313000,0.772527277469635,-0.00013315677642822266,1.0,2.38
314000,0.772527277469635,-0.00013315677642822266,1.0,2.38
315000,0.772527277469635,-0.00013315677642822266,1.0,2.38
316000,0.772527277469635,-0.00013315677642822266,1.0,2.38
317000,0.772527277469635,-0.00013315677642822266,1.0,2.38
318000,0.772527277469635,-0.00013315677642822266,1.0,2.38
319000,0.772527277469635,-0.00013315677642822266,1.0,2.38
320000,0.772527277469635,-0.00013315677642822266,1.0,2.38
321000,0.772527277469635,-0.00013315677642822266,1.0,2.38
322000,0.772527277469635,-0.00013315677642822266,1.0,2.38
323000,0.772527277469635,-0.00013315677642822266,1.0,2.38
324000,0.772527277469635,-0.00013315677642822266,1.0,2.38
325000,0.772527277469635,-0.00013315677642822266,1.0,2.38
326000,0.772527277469635,-0.00013315677642822266,1.0,2.38
327000,0.772527277469635,-0.00013315677642822266,1.0,2.38
328000,0.772527277469635,-0.00013315677642822266,1.0,2.38
329000,0.772527277469635,-0.00013315677642822266,1.0,2.38
330000,0.772527277469635,-0.00013315677642822266,1.0,2.38
331000,0.772527277469635,-0.00013315677642822266,1.0,2.38
332000,0.772527277469635,-0.00013315677642822266,1.0,2.38
333000,0.772527277469635,-0.00013315677642822266,1.0,2.38
334000,0.772527277469635,-0.00013315677642822266,1.0,2.38
335000,0.772527277469635,-0.00013315677642822266,1.0,2.38
336000,0.772527277469635,-0.00013315677642822266,1.0,2.38
337000,0.772527277469635,-0.00013315677642822266,1.0,2.38
338000,0.772527277469635,-0.00013315677642822266,1.0,2.38
339000,0.772527277469635,-0.00013315677642822266,1.0,2.38
340000,0.772527277469635,-0.00013315677642822266,1.0,2.38
341000,0.772527277469635,-0.00013315677642822266,1.0,2.38
342000,0.772527277469635,-0.00013315677642822266,1.0,2.38
343000,0.772527277469635,-0.00013315677642822266,1.0,2.38
344000,0.772527277469635,-0.00013315677642822266,1.0,2.38
345000,0.772527277469635,-0.00013315677642822266,1.0,2.38
346000,0.772527277469635,-0.00013315677642822266,1.0,2.38
347000,0.772527277469635,-0.00013315677642822266,1.0,2.38
348000,0.772527277469635,-0.00013315677642822266,1.0,2.38
349000,0.772527277469635,-0.00013315677642822266,1.0,2.38
350000,0.772527277469635,-0.00013315677642822266,1.0,2.38
351000,0.772527277469635,-0.00013315677642822266,1.0,2.38
352000,0.772527277469635,-0.00013315677642822266,1.0,2.38
353000,0.772527277469635,-0.00013315677642822266,1.0,2.38
354000,0.772527277469635,-0.00013315677642822266,1.0,2.38
355000,0.772527277469635,-0.00013315677642822266,1.0,2.38
356000,0.772527277469635,-0.00013315677642822266,1.0,2.38
357000,0.772527277469635,-0.00013315677642822266,1.0,2.38
358000,0.772527277469635,-0.00013315677642822266,1.0,2.38
359000,0.772527277469635,-0.00013315677642822266,1.0,2.38
360000,0.772527277469635,-0.00013315677642822266,1.0,2.38
361000,0.772527277469635,-0.00013315677642822266,1.0,2.38
362000,0.772527277469635,-0.00013315677642822266,1.0,2.38
363000,0.772527277469635,-0.00013315677642822266,1.0,2.38
364000,0.772527277469635,-0.00013315677642822266,1.0,2.38
365000,0.772527277469635,-0.00013315677642822266,1.0,2.38
366000,0.772527277469635,-0.00013315677642822266,1.0,2.38
367000,0.772527277469635,-0.00013315677642822266,1.0,2.38
368000,0.772527277469635,-0.00013315677642822266,1.0,2.38
369000,0.772527277469635,-0.00013315677642822266,1.0,2.38
370000,0.772527277469635,-0.00013315677642822266,1.0,2.38
371000,0.772527277469635,-0.00013315677642822266,1.0,2.38
372000,0.772527277469635,-0.00013315677642822266,1.0,2.38
373000,0.772527277469635,-0.00013315677642822266,1.0,2.38
374000,0.772527277469635,-0.00013315677642822266,1.0,2.38
375000,0.772527277469635,-0.00013315677642822266,1.0,2.38
376000,0.772527277469635,-0.00013315677642822266,1.0,2.38
377000,0.772527277469635,-0.00013315677642822266,1.0,2.38
378000,0.772527277469635,-0.00013315677642822266,1.0,2.38
379000,0.772527277469635,-0.00013315677642822266,1.0,2.38
380000,0.772527277469635,-0.00013315677642822266,1.0,2.38
381000,0.772527277469635,-0.00013315677642822266,1.0,2.38
382000,0.772527277469635,-0.00013315677642822266,1.0,2.38
383000,0.772527277469635,-0.00013315677642822266,1.0,2.38
384000,0.772527277469635,-0.00013315677642822266,1.0,2.38
385000,0.772527277469635,-0.00013315677642822266,1.0,2.38
386000,0.772527277469635,-0.00013315677642822266,1.0,2.38
387000,0.772527277469635,-0.00013315677642822266,1.0,2.38
388000,0.772527277469635,-0.00013315677642822266,1.0,2.38
389000,0.772527277469635,-0.00013315677642822266,1.0,2.38
390000,0.772527277469635,-0.00013315677642822266,1.0,2.38
391000,0.772527277469635,-0.00013315677642822266,1.0,2.38
392000,0.772527277469635,-0.00013315677642822266,1.0,2.38
393000,0.772527277469635,-0.00013315677642822266,1.0,2.38
394000,0.772527277469635,-0.00013315677642822266,1.0,2.38
395000,0.772527277469635,-0.00013315677642822266,1.0,2.38
396000,0.772527277469635,-0.00013315677642822266,1.0,2.38
397000,0.772527277469635,-0.00013315677642822266,1.0,2.38
398000,0.772527277469635,-0.00013315677642822266,1.0,2.38
399000,0.772527277469635,-0.00013315677642822266,1.0,2.38
400000,0.772527277469635,-0.00013315677642822266,1.0,2.38
401000,0.772527277469635,-0.00013315677642822266,1.0,2.38
402000,0.772527277469635,-0.00013315677642822266,1.0,2.38
403000,0.772527277469635,-0.00013315677642822266,1.0,2.38
404000,0.772527277469635,-0.00013315677642822266,1.0,2.38
405000,0.772527277469635,-0.00013315677642822266,1.0,2.38
406000,0.772527277469635,-0.00013315677642822266,1.0,2.38
407000,0.772527277469635,-0.00013315677642822266,1.0,2.38
408000,0.772527277469635,-0.00013315677642822266,1.0,2.38
409000,0.772527277469635,-0.00013315677642822266,1.0,2.38
410000,0.772527277469635,-0.00013315677642822266,1.0,2.38
411000,0.772527277469635,-0.00013315677642822266,1.0,2.38
412000,0.772527277469635,-0.00013315677642822266,1.0,2.38
413000,0.772527277469635,-0.00013315677642822266,1.0,2.38
414000,0.772527277469635,-0.00013315677642822266,1.0,2.38
415000,0.772527277469635,-0.00013315677642822266,1.0,2.38
416000,0.772527277469635,-0.00013315677642822266,1.0,2.38
417000,0.772527277469635,-0.00013315677642822266,1.0,2.38
418000,0.772527277469635,-0.00013315677642822266,1.0,2.38
419000,0.772527277469635,-0.00013315677642822266,1.0,2.38
420000,0.772527277469635,-0.00013315677642822266,1.0,2.38
421000,0.772527277469635,-0.00013315677642822266,1.0,2.38
422000,0.772527277469635,-0.00013315677642822266,1.0,2.38
423000,0.772527277469635,-0.00013315677642822266,1.0,2.38
424000,0.772527277469635,-0.00013315677642822266,1.0,2.38
425000,0.772527277469635,-0.00013315677642822266,1.0,2.38
426000,0.772527277469635,-0.00013315677642822266,1.0,2.38
427000,0.772527277469635,-0.00013315677642822266,1.0,2.38
428000,0.772527277469635,-0.00013315677642822266,1.0,2.38
429000,0.772527277469635,-0.00013315677642822266,1.0,2.38
430000,0.772527277469635,-0.00013315677642822266,1.0,2.38
431000,0.772527277469635,-0.00013315677642822266,1.0,2.38
432000,0.772527277469635,-0.00013315677642822266,1.0,2.38
433000,0.772527277469635,-0.00013315677642822266,1.0,2.38
434000,0.772527277469635,-0.00013315677642822266,1.0,2.38
435000,0.772527277469635,-0.00013315677642822266,1.0,2.38
436000,0.772527277469635,-0.00013315677642822266,1.0,2.38
437000,0.772527277469635,-0.00013315677642822266,1.0,2.38
438000,0.772527277469635,-0.00013315677642822266,1.0,2.38
439000,0.772527277469635,-0.00013315677642822266,1.0,2.38
440000,0.772527277469635,-0.00013315677642822266,1.0,2.38
441000,0.772527277469635,-0.00013315677642822266,1.0,2.38
442000,0.772527277469635,-0.00013315677642822266,1.0,2.38
443000,0.772527277469635,-0.00013315677642822266,1.0,2.38
444000,0.772527277469635,-0.00013315677642822266,1.0,2.38
445000,0.772527277469635,-0.00013315677642822266,1.0,2.38
446000,0.772527277469635,-0.00013315677642822266,1.0,2.38
447000,0.772527277469635,-0.00013315677642822266,1.0,2.38
448000,0.772527277469635,-0.00013315677642822266,1.0,2.38
449000,0.772527277469635,-0.00013315677642822266,1.0,2.38
450000,0.772527277469635,-0.00013315677642822266,1.0,2.38
451000,0.772527277469635,-0.00013315677642822266,1.0,2.38
452000,0.772527277469635,-0.00013315677642822266,1.0,2.38
453000,0.772527277469635,-0.00013315677642822266,1.0,2.38
454000,0.772527277469635,-0.00013315677642822266,1.0,2.38
455000,0.772527277469635,-0.00013315677642822266,1.0,2.38
456000,0.772527277469635,-0.00013315677642822266,1.0,2.38
457000,0.772527277469635,-0.00013315677642822266,1.0,2.38
458000,0.772527277469635,-0.00013315677642822266,1.0,2.38
459000,0.772527277469635,-0.00013315677642822266,1.0,2.38
460000,0.772527277469635,-0.00013315677642822266,1.0,2.38
461000,0.772527277469635,-0.00013315677642822266,1.0,2.38
462000,0.772527277469635,-0.00013315677642822266,1.0,2.38
463000,0.772527277469635,-0.00013315677642822266,1.0,2.38
464000,0.772527277469635,-0.00013315677642822266,1.0,2.38
465000,0.772527277469635,-0.00013315677642822266,1.0,2.38
466000,0.772527277469635,-0.00013315677642822266,1.0,2.38
467000,0.772527277469635,-0.00013315677642822266,1.0,2.38
468000,0.772527277469635,-0.00013315677642822266,1.0,2.38
469000,0.772527277469635,-0.00013315677642822266,1.0,2.38
470000,0.772527277469635,-0.00013315677642822266,1.0,2.38
471000,0.772527277469635,-0.00013315677642822266,1.0,2.38
472000,0.772527277469635,-0.00013315677642822266,1.0,2.38
473000,0.772527277469635,-0.00013315677642822266,1.0,2.38
474000,0.772527277469635,-0.00013315677642822266,1.0,2.38
475000,0.772527277469635,-0.00013315677642822266,1.0,2.38
476000,0.772527277469635,-0.00013315677642822266,1.0,2.38
477000,0.772527277469635,-0.00013315677642822266,1.0,2.38
478000,0.772527277469635,-0.00013315677642822266,1.0,2.38
479000,0.772527277469635,-0.00013315677642822266,1.0,2.38
480000,0.772527277469635,-0.00013315677642822266,1.0,2.38
481000,0.772527277469635,-0.00013315677642822266,1.0,2.38
482000,0.772527277469635,-0.00013315677642822266,1.0,2.38
483000,0.772527277469635,-0.00013315677642822266,1.0,2.38
484000,0.772527277469635,-0.00013315677642822266,1.0,2.38
485000,0.772527277469635,-0.00013315677642822266,1.0,2.38
486000,0.772527277469635,-0.00013315677642822266,1.0,2.38
487000,0.772527277469635,-0.00013315677642822266,1.0,2.38
488000,0.772527277469635,-0.00013315677642822266,1.0,2.38
489000,0.772527277469635,-0.00013315677642822266,1.0,2.38
490000,0.772527277469635,-0.00013315677642822266,1.0,2.38
491000,0.772527277469635,-0.00013315677642822266,1.0,2.38
492000,0.772527277469635,-0.00013315677642822266,1.0,2.38
493000,0.772527277469635,-0.00013315677642822266,1.0,2.38
494000,0.772527277469635,-0.00013315677642822266,1.0,2.38
495000,0.772527277469635,-0.00013315677642822266,1.0,2.38
496000,0.772527277469635,-0.00013315677642822266,1.0,2.38
497000,0.772527277469635,-0.00013315677642822266,1.0,2.38
498000,0.772527277469635,-0.00013315677642822266,1.0,2.38
499000,0.772527277469635,-0.00013315677642822266,1.0,2.38
500000,0.772527277469635,-0.00013315677642822266,1.0,2.38
501000,0.772527277469635,-0.00013315677642822266,1.0,2.38
502000,0.772527277469635,-0.00013315677642822266,1.0,2.38
503000,0.772527277469635,-0.00013315677642822266,1.0,2.38
504000,0.772527277469635,-0.00013315677642822266,1.0,2.38
505000,0.772527277469635,-0.00013315677642822266,1.0,2.38
506000,0.772527277469635,-0.00013315677642822266,1.0,2.38
507000,0.772527277469635,-0.00013315677642822266,1.0,2.38
508000,0.772527277469635,-0.00013315677642822266,1.0,2.38
509000,0.772527277469635,-0.00013315677642822266,1.0,2.38
510000,0.772527277469635,-0.00013315677642822266,1.0,2.38
511000,0.772527277469635,-0.00013315677642822266,1.0,2.38
512000,0.772527277469635,-0.00013315677642822266,1.0,2.38
513000,0.772527277469635,-0.00013315677642822266,1.0,2.38
514000,0.772527277469635,-0.00013315677642822266,1.0,2.38
515000,0.772527277469635,-0.00013315677642822266,1.0,2.38
516000,0.772527277469635,-0.00013315677642822266,1.0,2.38
517000,0.772527277469635,-0.00013315677642822266,1.0,2.38
518000,0.772527277469635,-0.00013315677642822266,1.0,2.38
519000,0.772527277469635,-0.00013315677642822266,1.0,2.38
520000,0.772527277469635,-0.00013315677642822266,1.0,2.38
521000,0.772527277469635,-0.00013315677642822266,1.0,2.38
522000,0.772527277469635,-0.00013315677642822266,1.0,2.38
523000,0.772527277469635,-0.00013315677642822266,1.0,2.38
524000,0.772527277469635,-0.00013315677642822266,1.0,2.38
525000,0.772527277469635,-0.00013315677642822266,1.0,2.38
526000,0.772527277469635,-0.00013315677642822266,1.0,2.38
527000,0.772527277469635,-0.00013315677642822266,1.0,2.38
528000,0.772527277469635,-0.00013315677642822266,1.0,2.38
529000,0.772527277469635,-0.00013315677642822266,1.0,2.38
530000,0.772527277469635,-0.00013315677642822266,1.0,2.38
531000,0.772527277469635,-0.00013315677642822266,1.0,2.38
532000,0.772527277469635,-0.00013315677642822266,1.0,2.38
533000,0.772527277469635,-0.00013315677642822266,1.0,2.38
534000,0.772527277469635,-0.00013315677642822266,1.0,2.38
535000,0.772527277469635,-0.00013315677642822266,1.0,2.38
536000,0.772527277469635,-0.00013315677642822266,1.0,2.38
537000,0.772527277469635,-0.00013315677642822266,1.0,2.38
538000,0.772527277469635,-0.00013315677642822266,1.0,2.38
539000,0.772527277469635,-0.00013315677642822266,1.0,2.38
540000,0.772527277469635,-0.00013315677642822266,1.0,2.38
541000,0.772527277469635,-0.00013315677642822266,1.0,2.38
542000,0.772527277469635,-0.00013315677642822266,1.0,2.38
543000,0.772527277469635,-0.00013315677642822266,1.0,2.38
544000,0.772527277469635,-0.00013315677642822266,1.0,2.38
545000,0.772527277469635,-0.00013315677642822266,1.0,2.38
546000,0.772527277469635,-0.00013315677642822266,1.0,2.38
547000,0.772527277469635,-0.00013315677642822266,1.0,2.38
548000,0.772527277469635,-0.00013315677642822266,1.0,2.38
549000,0.772527277469635,-0.00013315677642822266,1.0,2.38
550000,0.772527277469635,-0.00013315677642822266,1.0,2.38
551000,0.772527277469635,-0.00013315677642822266,1.0,2.38
552000,0.772527277469635,-0.00013315677642822266,1.0,2.38
553000,0.772527277469635,-0.00013315677642822266,1.0,2.38
554000,0.772527277469635,-0.00013315677642822266,1.0,2.38
555000,0.772527277469635,-0.00013315677642822266,1.0,2.38
